{"log_key": 1, "dataset": {"list_points": [[0.0, 0.0], [0.013722553957468813, 0.015102138769929725], [0.022819404207668606, 0.029118229302995884], [0.013932886855677902, 0.018185772382366686], [0.024371441332471377, 0.011721991814108143], [0.008394195728816781, 0.020435088652830332], [0.00974275326945243, 0.017571850985168752], [0.01661450713031369, 0.013697095828723324], [0.031246774350482162, 0.026431674021334724], [0.01330862872281455, 0.01774502446590857], [0.025812518606412156, 0.009446304768505435], [0.027506364245874212, 0.009406500726172932], [0.02481336631156462, 0.029545444012205012], [0.022746530493207524, 0.011418471087241741], [0.01689369997626505, 0.030870927619367966], [0.02231483550925067, 0.028914169034987655], [0.00909320396011706, 0.019599209825696684], [0.012631113351421273, 0.012847191281406585], [0.007899717813900874, 0.020193178507314568], [0.030316589882476257, 0.013024335746746215], [0.015117171465894991, 0.007235764440642899], [0.012018638244541838, 0.01346777867652683], [0.016345864701000627, 0.02955687725158911], [0.015192021126787936, 0.02222617372775834], [0.017908668947264502, 0.005432371448197429], [0.014386584792079698, 0.017411401486271034], [0.006879997058972373, 0.019377262861501352], [0.01119065710611323, 0.01625129395015551], [0.02877915544431488, 0.012461288766561971], [0.010802781115755144, 0.019072015085629227], [0.020040171928497517, 0.011539557299912703], [0.01346796338964783, 0.02037790006362045], [0.029881525107659325, 0.008530301551982174], [0.01715591828644123, 0.02669993712799871], [0.01405411415658051, 0.019170327682120826], [0.009339028168052856, 0.023277851763124476], [0.007205897136895708, 0.021204419177971633], [0.030996972866837964, 0.025588340880216217], [0.013627274480999766, 0.022095520335749845], [0.030898949287695963, 0.011756997097463301], [0.020578138580000866, 0.009711050082561073], [0.014105622707521599, 0.021699091706952264], [0.007981911698003774, 0.021106048874358404], [0.013734431886099184, 0.027228203044773667], [0.014146340427203708, 0.01928376889188065], [0.0160017148018783, 0.03016081066219554], [0.02916098199134282, 0.01236377665600661], [0.018339483719249965, 0.02609074973270307]], "distance_matrix": [[9999999.0, 1593.0, 569.0, 2056.0, 1327.0, 1009.0, 947.0, 301.0, 234.0, 1800.0, 625.0, 700.0, 754.0, 790.0, 529.0, 395.0, 1385.0, 856.0, 1179.0, 821.0, 1085.0, 385.0, 730.0, 1808.0, 915.0, 2076.0, 1120.0, 1002.0, 1297.0, 1026.0, 592.0, 1448.0, 694.0, 743.0, 2254.0, 880.0, 1137.0, 330.0, 1121.0, 449.0, 786.0, 1594.0, 1264.0, 755.0, 2354.0, 593.0, 849.0, 1216.0], [1619.0, 9999999.0, 1191.0, 656.0, 595.0, 2304.0, 2128.0, 1797.0, 1674.0, 834.0, 1348.0, 1620.0, 1183.0, 1050.0, 1629.0, 1339.0, 2444.0, 2039.0, 2350.0, 1646.0, 1334.0, 1322.0, 1167.0, 1079.0, 1182.0, 624.0, 2307.0, 2171.0, 478.0, 2272.0, 1923.0, 1192.0, 1837.0, 982.0, 1060.0, 2132.0, 2312.0, 1884.0, 1047.0, 1513.0, 1051.0, 550.0, 2287.0, 2125.0, 1123.0, 1765.0, 1388.0, 718.0], [528.0, 1297.0, 9999999.0, 1682.0, 809.0, 1309.0, 1170.0, 624.0, 506.0, 1445.0, 526.0, 488.0, 561.0, 402.0, 610.0, 429.0, 1510.0, 1072.0, 1419.0, 882.0, 801.0, 250.0, 401.0, 1351.0, 485.0, 1579.0, 1436.0, 1194.0, 898.0, 1194.0, 816.0, 1054.0, 728.0, 471.0, 1828.0, 1000.0, 1276.0, 837.0, 898.0, 465.0, 459.0, 1183.0, 1314.0, 989.0, 1876.0, 708.0, 620.0, 968.0], [2097.0, 723.0, 1781.0, 9999999.0, 996.0, 2674.0, 2595.0, 2360.0, 2236.0, 501.0, 1846.0, 2061.0, 1616.0, 1580.0, 2108.0, 1884.0, 2678.0, 2590.0, 2635.0, 2068.0, 1584.0, 1847.0, 1638.0, 930.0, 1328.0, 187.0, 2635.0, 2582.0, 948.0, 2669.0, 2421.0, 1197.0, 2183.0, 1506.0, 620.0, 2438.0, 2782.0, 2337.0, 1328.0, 1959.0, 1513.0, 680.0, 2603.0, 2497.0, 648.0, 2142.0, 1827.0, 1058.0], [1310.0, 680.0, 780.0, 1023.0, 9999999.0, 1690.0, 1754.0, 1424.0, 1279.0, 787.0, 900.0, 1153.0, 759.0, 612.0, 1201.0, 1098.0, 1918.0, 1682.0, 1858.0, 1148.0, 876.0, 975.0, 761.0, 759.0, 639.0, 820.0, 1759.0, 1651.0, 417.0, 1694.0, 1459.0, 718.0, 1292.0, 566.0, 1005.0, 1632.0, 1870.0, 1540.0, 493.0, 1131.0, 954.0, 496.0, 1760.0, 1629.0, 1144.0, 1306.0, 886.0, 295.0], [1156.0, 2218.0, 1336.0, 2687.0, 1745.0, 9999999.0, 358.0, 1020.0, 964.0, 2253.0, 998.0, 774.0, 1089.0, 1369.0, 692.0, 1349.0, 364.0, 339.0, 249.0, 801.0, 1187.0, 1286.0, 1135.0, 2157.0, 1442.0, 2473.0, 276.0, 303.0, 1881.0, 258.0, 681.0, 1588.0, 708.0, 1488.0, 2624.0, 391.0, 254.0, 704.0, 1508.0, 879.0, 1636.0, 2165.0, 300.0, 429.0, 2588.0, 668.0, 1014.0, 1735.0], [827.0, 2103.0, 1085.0, 2504.0, 1692.0, 258.0, 9999999.0, 972.0, 759.0, 2236.0, 834.0, 724.0, 970.0, 1102.0, 604.0, 1227.0, 535.0, 54.0, 493.0, 551.0, 1165.0, 1066.0, 974.0, 1908.0, 1239.0, 2379.0, 508.0, 124.0, 1677.0, 311.0, 386.0, 1483.0, 590.0, 1382.0, 2444.0, 204.0, 391.0, 614.0, 1437.0, 820.0, 1410.0, 2049.0, 471.0, 245.0, 2595.0, 386.0, 858.0, 1615.0], [190.0, 1684.0, 698.0, 2274.0, 1395.0, 1116.0, 792.0, 9999999.0, 387.0, 2016.0, 797.0, 691.0, 984.0, 1055.0, 677.0, 445.0, 1348.0, 868.0, 1148.0, 936.0, 1246.0, 404.0, 816.0, 1965.0, 1191.0, 2206.0, 1272.0, 1050.0, 1323.0, 1057.0, 505.0, 1607.0, 839.0, 890.0, 2379.0, 972.0, 1098.0, 327.0, 1471.0, 545.0, 973.0, 1756.0, 1200.0, 786.0, 2415.0, 616.0, 920.0, 1552.0], [217.0, 1673.0, 526.0, 2144.0, 1366.0, 1009.0, 796.0, 413.0, 9999999.0, 1941.0, 696.0, 570.0, 899.0, 793.0, 452.0, 515.0, 1094.0, 619.0, 1003.0, 758.0, 937.0, 524.0, 615.0, 1760.0, 1020.0, 2103.0, 1133.0, 749.0, 1323.0, 900.0, 465.0, 1379.0, 477.0, 762.0, 2222.0, 632.0, 1020.0, 317.0, 1178.0, 247.0, 908.0, 1609.0, 1140.0, 473.0, 2205.0, 392.0, 824.0, 1237.0], [1892.0, 856.0, 1591.0, 636.0, 780.0, 2323.0, 2205.0, 2133.0, 2014.0, 9999999.0, 1544.0, 1649.0, 1258.0, 1170.0, 1709.0, 1716.0, 2377.0, 2141.0, 2443.0, 1629.0, 1320.0, 1686.0, 1395.0, 378.0, 1015.0, 383.0, 2367.0, 2191.0, 833.0, 2283.0, 2062.0, 800.0, 1897.0, 1257.0, 448.0, 2138.0, 2287.0, 2109.0, 803.0, 1810.0, 1520.0, 415.0, 2270.0, 2119.0, 478.0, 1932.0, 1486.0, 706.0], [660.0, 1316.0, 535.0, 1817.0, 893.0, 1084.0, 780.0, 764.0, 592.0, 1407.0, 9999999.0, 323.0, 304.0, 464.0, 344.0, 787.0, 1129.0, 839.0, 1180.0, 507.0, 450.0, 669.0, 189.0, 1400.0, 416.0, 1760.0, 992.0, 905.0, 963.0, 975.0, 745.0, 890.0, 503.0, 643.0, 1901.0, 829.0, 1118.0, 775.0, 749.0, 403.0, 986.0, 1343.0, 1039.0, 813.0, 1921.0, 564.0, 418.0, 853.0], [673.0, 1626.0, 580.0, 1892.0, 1168.0, 829.0, 719.0, 745.0, 438.0, 1582.0, 366.0, 9999999.0, 537.0, 648.0, 217.0, 787.0, 1031.0, 541.0, 896.0, 370.0, 568.0, 609.0, 434.0, 1536.0, 589.0, 1928.0, 807.0, 792.0, 1282.0, 790.0, 677.0, 930.0, 214.0, 705.0, 1993.0, 690.0, 926.0, 561.0, 936.0, 442.0, 987.0, 1422.0, 772.0, 547.0, 1895.0, 410.0, 343.0, 1015.0], [786.0, 1289.0, 570.0, 1603.0, 682.0, 1203.0, 1059.0, 956.0, 885.0, 1353.0, 297.0, 547.0, 9999999.0, 328.0, 632.0, 937.0, 1377.0, 1023.0, 1316.0, 495.0, 332.0, 849.0, 227.0, 1130.0, 254.0, 1474.0, 1322.0, 1106.0, 933.0, 1097.0, 955.0, 530.0, 617.0, 535.0, 1634.0, 949.0, 1254.0, 884.0, 521.0, 702.0, 891.0, 1051.0, 1127.0, 1096.0, 1568.0, 844.0, 326.0, 758.0], [776.0, 1066.0, 499.0, 1584.0, 536.0, 1245.0, 1106.0, 1016.0, 913.0, 1157.0, 331.0, 690.0, 236.0, 9999999.0, 746.0, 720.0, 1414.0, 1137.0, 1420.0, 747.0, 457.0, 711.0, 234.0, 1016.0, 211.0, 1370.0, 1479.0, 1144.0, 617.0, 1341.0, 1115.0, 761.0, 697.0, 443.0, 1549.0, 1172.0, 1452.0, 939.0, 461.0, 555.0, 768.0, 949.0, 1319.0, 1135.0, 1589.0, 791.0, 555.0, 566.0], [434.0, 1750.0, 629.0, 2111.0, 1152.0, 812.0, 635.0, 592.0, 499.0, 1693.0, 299.0, 220.0, 686.0, 769.0, 9999999.0, 837.0, 1005.0, 609.0, 839.0, 473.0, 664.0, 664.0, 440.0, 1510.0, 773.0, 2009.0, 952.0, 567.0, 1243.0, 788.0, 531.0, 1137.0, 228.0, 918.0, 2134.0, 466.0, 902.0, 500.0, 1012.0, 333.0, 916.0, 1638.0, 889.0, 435.0, 2012.0, 373.0, 519.0, 1160.0], [430.0, 1369.0, 449.0, 1956.0, 1178.0, 1364.0, 1169.0, 534.0, 490.0, 1736.0, 747.0, 829.0, 850.0, 721.0, 832.0, 9999999.0, 1524.0, 1019.0, 1405.0, 1055.0, 1018.0, 221.0, 649.0, 1586.0, 854.0, 1849.0, 1420.0, 1180.0, 1082.0, 1460.0, 920.0, 1405.0, 886.0, 659.0, 2137.0, 1144.0, 1366.0, 685.0, 1164.0, 621.0, 512.0, 1489.0, 1507.0, 1040.0, 2047.0, 848.0, 988.0, 1247.0], [1295.0, 2527.0, 1426.0, 2755.0, 1976.0, 340.0, 497.0, 1247.0, 1189.0, 2385.0, 1187.0, 918.0, 1228.0, 1425.0, 1065.0, 1531.0, 9999999.0, 659.0, 233.0, 866.0, 1323.0, 1565.0, 1347.0, 2089.0, 1544.0, 2637.0, 126.0, 545.0, 2079.0, 346.0, 772.0, 1567.0, 751.0, 1683.0, 2693.0, 613.0, 274.0, 1026.0, 1535.0, 1207.0, 1826.0, 2313.0, 171.0, 795.0, 2715.0, 822.0, 1033.0, 1946.0], [851.0, 2101.0, 1064.0, 2399.0, 1615.0, 452.0, 196.0, 834.0, 668.0, 2196.0, 775.0, 586.0, 1078.0, 1175.0, 512.0, 1028.0, 645.0, 9999999.0, 513.0, 509.0, 1136.0, 909.0, 1009.0, 1929.0, 1194.0, 2379.0, 419.0, 165.0, 1787.0, 323.0, 377.0, 1412.0, 467.0, 1184.0, 2407.0, 118.0, 370.0, 608.0, 1422.0, 609.0, 1362.0, 2042.0, 507.0, 269.0, 2516.0, 311.0, 838.0, 1685.0], [1210.0, 2372.0, 1385.0, 2679.0, 1919.0, 125.0, 516.0, 1170.0, 1001.0, 2442.0, 1102.0, 873.0, 1280.0, 1418.0, 955.0, 1398.0, 269.0, 524.0, 9999999.0, 759.0, 1146.0, 1399.0, 1311.0, 2170.0, 1428.0, 2617.0, 79.0, 287.0, 2039.0, 310.0, 680.0, 1564.0, 664.0, 1553.0, 2738.0, 407.0, 99.0, 894.0, 1569.0, 1003.0, 1787.0, 2101.0, 329.0, 655.0, 2629.0, 808.0, 934.0, 1871.0], [723.0, 1779.0, 819.0, 2056.0, 1170.0, 726.0, 592.0, 967.0, 815.0, 1664.0, 406.0, 377.0, 543.0, 649.0, 370.0, 1104.0, 750.0, 631.0, 866.0, 9999999.0, 499.0, 841.0, 652.0, 1371.0, 782.0, 1895.0, 694.0, 658.0, 1243.0, 682.0, 724.0, 937.0, 213.0, 1047.0, 2019.0, 544.0, 735.0, 791.0, 814.0, 500.0, 1189.0, 1511.0, 799.0, 550.0, 1948.0, 438.0, 262.0, 1047.0], [1005.0, 1475.0, 840.0, 1600.0, 715.0, 1188.0, 1122.0, 1256.0, 970.0, 1208.0, 508.0, 618.0, 304.0, 615.0, 716.0, 999.0, 1175.0, 1107.0, 1206.0, 542.0, 9999999.0, 984.0, 461.0, 1106.0, 460.0, 1480.0, 1125.0, 1128.0, 1115.0, 1054.0, 1132.0, 571.0, 755.0, 708.0, 1546.0, 1033.0, 1198.0, 987.0, 545.0, 798.0, 1228.0, 1161.0, 1075.0, 1037.0, 1506.0, 876.0, 346.0, 791.0], [404.0, 1421.0, 317.0, 1918.0, 1059.0, 1275.0, 1025.0, 420.0, 534.0, 1663.0, 616.0, 660.0, 745.0, 742.0, 683.0, 328.0, 1491.0, 904.0, 1452.0, 882.0, 921.0, 9999999.0, 559.0, 1624.0, 718.0, 1903.0, 1280.0, 1053.0, 978.0, 1282.0, 710.0, 1140.0, 809.0, 557.0, 2124.0, 984.0, 1278.0, 702.0, 1022.0, 491.0, 558.0, 1414.0, 1335.0, 949.0, 2111.0, 695.0, 791.0, 1189.0], [546.0, 1189.0, 345.0, 1638.0, 718.0, 1246.0, 1034.0, 781.0, 682.0, 1314.0, 251.0, 504.0, 225.0, 264.0, 593.0, 685.0, 1412.0, 863.0, 1312.0, 570.0, 521.0, 614.0, 9999999.0, 1221.0, 414.0, 1559.0, 1246.0, 970.0, 860.0, 1134.0, 868.0, 724.0, 662.0, 436.0, 1807.0, 986.0, 1162.0, 706.0, 620.0, 469.0, 665.0, 1181.0, 1090.0, 930.0, 1741.0, 586.0, 412.0, 770.0], [1695.0, 962.0, 1414.0, 866.0, 621.0, 1982.0, 1923.0, 1990.0, 1749.0, 352.0, 1256.0, 1480.0, 1015.0, 1106.0, 1502.0, 1646.0, 2199.0, 1954.0, 2105.0, 1419.0, 1063.0, 1542.0, 1227.0, 9999999.0, 875.0, 798.0, 2153.0, 1991.0, 950.0, 1929.0, 1892.0, 683.0, 1620.0, 1115.0, 725.0, 1886.0, 2083.0, 1857.0, 766.0, 1520.0, 1554.0, 459.0, 2052.0, 2040.0, 646.0, 1834.0, 1330.0, 537.0], [952.0, 1029.0, 537.0, 1441.0, 451.0, 1411.0, 1250.0, 1051.0, 833.0, 1110.0, 524.0, 581.0, 184.0, 228.0, 691.0, 923.0, 1568.0, 1237.0, 1419.0, 765.0, 423.0, 873.0, 429.0, 1023.0, 9999999.0, 1310.0, 1350.0, 1283.0, 719.0, 1235.0, 1158.0, 538.0, 901.0, 518.0, 1452.0, 1060.0, 1373.0, 1166.0, 461.0, 645.0, 851.0, 966.0, 1332.0, 1218.0, 1365.0, 945.0, 553.0, 568.0], [2061.0, 722.0, 1713.0, 298.0, 813.0, 2633.0, 2414.0, 2254.0, 2162.0, 487.0, 1606.0, 1867.0, 1419.0, 1350.0, 1900.0, 1728.0, 2730.0, 2455.0, 2548.0, 1965.0, 1542.0, 1732.0, 1654.0, 755.0, 1299.0, 9999999.0, 2571.0, 2564.0, 831.0, 2422.0, 2357.0, 1210.0, 2057.0, 1254.0, 464.0, 2359.0, 2669.0, 2163.0, 1071.0, 1856.0, 1577.0, 497.0, 2540.0, 2371.0, 714.0, 2232.0, 1643.0, 952.0], [1173.0, 2364.0, 1322.0, 2759.0, 1912.0, 246.0, 530.0, 1243.0, 1011.0, 2335.0, 1125.0, 907.0, 1166.0, 1454.0, 860.0, 1547.0, 298.0, 463.0, 75.0, 661.0, 1197.0, 1362.0, 1227.0, 2108.0, 1302.0, 2550.0, 9999999.0, 381.0, 2018.0, 248.0, 661.0, 1602.0, 780.0, 1547.0, 2606.0, 420.0, 191.0, 880.0, 1573.0, 1000.0, 1781.0, 2079.0, 174.0, 619.0, 2648.0, 753.0, 963.0, 1735.0], [872.0, 2158.0, 1106.0, 2574.0, 1739.0, 273.0, 278.0, 943.0, 833.0, 2234.0, 799.0, 677.0, 1120.0, 1245.0, 559.0, 1161.0, 484.0, 163.0, 337.0, 574.0, 1169.0, 1163.0, 970.0, 2001.0, 1196.0, 2375.0, 300.0, 9999999.0, 1849.0, 265.0, 508.0, 1383.0, 470.0, 1421.0, 2587.0, 298.0, 224.0, 586.0, 1380.0, 880.0, 1471.0, 2064.0, 358.0, 421.0, 2425.0, 553.0, 898.0, 1601.0], [1284.0, 503.0, 875.0, 979.0, 375.0, 1874.0, 1736.0, 1429.0, 1243.0, 911.0, 1052.0, 1170.0, 836.0, 658.0, 1334.0, 1037.0, 1998.0, 1731.0, 2002.0, 1427.0, 1041.0, 1120.0, 857.0, 969.0, 674.0, 971.0, 1966.0, 1800.0, 9999999.0, 1785.0, 1630.0, 936.0, 1323.0, 562.0, 1243.0, 1670.0, 2000.0, 1464.0, 791.0, 1188.0, 747.0, 482.0, 2009.0, 1704.0, 1232.0, 1380.0, 1060.0, 565.0], [1099.0, 2354.0, 1305.0, 2528.0, 1734.0, 138.0, 418.0, 1078.0, 934.0, 2189.0, 1030.0, 752.0, 1046.0, 1218.0, 717.0, 1360.0, 411.0, 417.0, 261.0, 556.0, 1122.0, 1145.0, 1085.0, 1986.0, 1225.0, 2534.0, 255.0, 247.0, 1956.0, 9999999.0, 596.0, 1445.0, 581.0, 1540.0, 2501.0, 244.0, 146.0, 896.0, 1491.0, 946.0, 1677.0, 2102.0, 263.0, 483.0, 2439.0, 674.0, 965.0, 1749.0], [672.0, 1921.0, 948.0, 2388.0, 1537.0, 594.0, 394.0, 495.0, 425.0, 2053.0, 849.0, 589.0, 973.0, 1137.0, 388.0, 847.0, 886.0, 350.0, 613.0, 693.0, 1076.0, 778.0, 791.0, 1943.0, 1066.0, 2367.0, 690.0, 390.0, 1561.0, 612.0, 9999999.0, 1467.0, 530.0, 1124.0, 2558.0, 369.0, 690.0, 287.0, 1441.0, 455.0, 1363.0, 1989.0, 709.0, 283.0, 2489.0, 373.0, 800.0, 1504.0], [1387.0, 1277.0, 1020.0, 1219.0, 545.0, 1467.0, 1455.0, 1553.0, 1281.0, 883.0, 765.0, 950.0, 675.0, 770.0, 1139.0, 1245.0, 1543.0, 1437.0, 1541.0, 853.0, 570.0, 1325.0, 824.0, 534.0, 657.0, 1287.0, 1625.0, 1490.0, 863.0, 1468.0, 1542.0, 9999999.0, 1015.0, 891.0, 1183.0, 1448.0, 1554.0, 1406.0, 266.0, 1142.0, 1162.0, 765.0, 1435.0, 1465.0, 1175.0, 1278.0, 700.0, 632.0], [747.0, 1668.0, 719.0, 2159.0, 1183.0, 633.0, 500.0, 722.0, 525.0, 1896.0, 400.0, 251.0, 636.0, 742.0, 322.0, 812.0, 931.0, 385.0, 692.0, 236.0, 727.0, 855.0, 678.0, 1643.0, 847.0, 1988.0, 774.0, 490.0, 1324.0, 685.0, 411.0, 1093.0, 9999999.0, 1028.0, 2141.0, 469.0, 655.0, 532.0, 1049.0, 427.0, 1228.0, 1649.0, 725.0, 424.0, 2064.0, 190.0, 462.0, 1251.0], [702.0, 1023.0, 383.0, 1383.0, 644.0, 1420.0, 1272.0, 914.0, 824.0, 1280.0, 575.0, 723.0, 604.0, 352.0, 820.0, 695.0, 1665.0, 1366.0, 1642.0, 867.0, 806.0, 648.0, 542.0, 1173.0, 567.0, 1316.0, 1504.0, 1408.0, 601.0, 1556.0, 1093.0, 826.0, 937.0, 9999999.0, 1521.0, 1187.0, 1466.0, 964.0, 764.0, 617.0, 399.0, 1000.0, 1492.0, 1147.0, 1647.0, 980.0, 701.0, 554.0], [2318.0, 1080.0, 1876.0, 516.0, 1131.0, 2587.0, 2633.0, 2328.0, 2298.0, 516.0, 1836.0, 2047.0, 1595.0, 1561.0, 2094.0, 2137.0, 2690.0, 2509.0, 2644.0, 1942.0, 1545.0, 1967.0, 1716.0, 700.0, 1385.0, 594.0, 2612.0, 2552.0, 1137.0, 2467.0, 2474.0, 1260.0, 2162.0, 1513.0, 9999999.0, 2468.0, 2699.0, 2387.0, 1201.0, 2007.0, 1886.0, 661.0, 2545.0, 2527.0, 285.0, 2358.0, 1796.0, 954.0], [789.0, 2177.0, 966.0, 2481.0, 1629.0, 411.0, 179.0, 930.0, 754.0, 2061.0, 841.0, 687.0, 957.0, 1116.0, 621.0, 1236.0, 636.0, 263.0, 374.0, 506.0, 985.0, 1055.0, 927.0, 1804.0, 1104.0, 2429.0, 390.0, 232.0, 1693.0, 296.0, 499.0, 1359.0, 448.0, 1361.0, 2370.0, 9999999.0, 353.0, 488.0, 1394.0, 800.0, 1428.0, 1896.0, 532.0, 217.0, 2479.0, 423.0, 825.0, 1536.0], [1154.0, 2403.0, 1241.0, 2712.0, 1817.0, 176.0, 340.0, 1199.0, 1014.0, 2320.0, 1146.0, 874.0, 1232.0, 1392.0, 791.0, 1398.0, 350.0, 419.0, 151.0, 739.0, 1116.0, 1282.0, 1204.0, 2209.0, 1436.0, 2570.0, 289.0, 240.0, 1959.0, 237.0, 591.0, 1666.0, 726.0, 1490.0, 2732.0, 312.0, 9999999.0, 855.0, 1610.0, 1063.0, 1665.0, 2126.0, 207.0, 600.0, 2664.0, 754.0, 1054.0, 1852.0], [514.0, 1895.0, 655.0, 2265.0, 1531.0, 739.0, 492.0, 329.0, 290.0, 2007.0, 671.0, 615.0, 962.0, 939.0, 389.0, 708.0, 1052.0, 549.0, 850.0, 682.0, 1173.0, 592.0, 708.0, 1878.0, 1139.0, 2305.0, 1015.0, 636.0, 1528.0, 843.0, 313.0, 1391.0, 469.0, 1078.0, 2343.0, 529.0, 887.0, 9999999.0, 1286.0, 361.0, 1114.0, 1923.0, 979.0, 340.0, 2437.0, 474.0, 928.0, 1576.0], [1232.0, 1141.0, 943.0, 1222.0, 534.0, 1485.0, 1372.0, 1439.0, 1153.0, 879.0, 678.0, 862.0, 390.0, 611.0, 949.0, 1157.0, 1610.0, 1385.0, 1532.0, 829.0, 382.0, 1057.0, 770.0, 734.0, 483.0, 1183.0, 1580.0, 1504.0, 754.0, 1350.0, 1357.0, 255.0, 1001.0, 641.0, 1214.0, 1312.0, 1653.0, 1420.0, 9999999.0, 1030.0, 1168.0, 709.0, 1451.0, 1329.0, 1247.0, 1090.0, 653.0, 364.0], [262.0, 1623.0, 397.0, 1915.0, 1050.0, 898.0, 682.0, 573.0, 237.0, 1775.0, 342.0, 439.0, 636.0, 698.0, 196.0, 638.0, 1092.0, 683.0, 1125.0, 578.0, 695.0, 364.0, 487.0, 1644.0, 667.0, 1815.0, 1011.0, 842.0, 1238.0, 1022.0, 543.0, 1179.0, 456.0, 771.0, 2058.0, 795.0, 910.0, 449.0, 1058.0, 9999999.0, 812.0, 1411.0, 1112.0, 610.0, 2066.0, 417.0, 574.0, 1033.0], [798.0, 1070.0, 476.0, 1489.0, 790.0, 1729.0, 1582.0, 940.0, 954.0, 1562.0, 957.0, 922.0, 957.0, 695.0, 1068.0, 567.0, 1847.0, 1458.0, 1743.0, 1210.0, 1096.0, 627.0, 846.0, 1502.0, 838.0, 1554.0, 1835.0, 1462.0, 709.0, 1766.0, 1195.0, 1150.0, 1063.0, 496.0, 1727.0, 1452.0, 1803.0, 1194.0, 997.0, 833.0, 9999999.0, 1159.0, 1857.0, 1385.0, 1819.0, 1098.0, 1074.0, 907.0], [1536.0, 598.0, 1201.0, 631.0, 449.0, 2195.0, 2058.0, 1776.0, 1767.0, 494.0, 1261.0, 1519.0, 1138.0, 900.0, 1547.0, 1459.0, 2231.0, 1924.0, 2156.0, 1470.0, 993.0, 1388.0, 1175.0, 407.0, 955.0, 569.0, 2225.0, 2090.0, 501.0, 2123.0, 2002.0, 841.0, 1592.0, 988.0, 699.0, 1868.0, 2137.0, 1899.0, 658.0, 1530.0, 1127.0, 9999999.0, 2060.0, 1916.0, 745.0, 1667.0, 1272.0, 510.0], [1176.0, 2389.0, 1379.0, 2717.0, 1694.0, 332.0, 408.0, 1260.0, 1022.0, 2321.0, 1004.0, 879.0, 1079.0, 1384.0, 814.0, 1588.0, 250.0, 496.0, 217.0, 685.0, 1100.0, 1308.0, 1175.0, 1985.0, 1293.0, 2589.0, 236.0, 498.0, 1912.0, 170.0, 709.0, 1428.0, 781.0, 1574.0, 2471.0, 530.0, 212.0, 851.0, 1544.0, 1096.0, 1675.0, 2133.0, 9999999.0, 708.0, 2454.0, 706.0, 907.0, 1672.0], [619.0, 2085.0, 990.0, 2459.0, 1541.0, 520.0, 280.0, 793.0, 507.0, 2204.0, 821.0, 644.0, 1092.0, 1176.0, 420.0, 948.0, 636.0, 231.0, 605.0, 629.0, 1046.0, 945.0, 831.0, 1990.0, 1162.0, 2387.0, 600.0, 416.0, 1766.0, 494.0, 197.0, 1483.0, 420.0, 1173.0, 2410.0, 250.0, 615.0, 445.0, 1441.0, 539.0, 1294.0, 1902.0, 590.0, 9999999.0, 2434.0, 423.0, 757.0, 1531.0], [2281.0, 1127.0, 1889.0, 727.0, 1131.0, 2498.0, 2445.0, 2443.0, 2350.0, 594.0, 1874.0, 2030.0, 1591.0, 1659.0, 2192.0, 2056.0, 2593.0, 2501.0, 2532.0, 1979.0, 1553.0, 2056.0, 1761.0, 577.0, 1529.0, 595.0, 2553.0, 2613.0, 1292.0, 2555.0, 2474.0, 1123.0, 2106.0, 1632.0, 324.0, 2448.0, 2712.0, 2465.0, 1183.0, 2151.0, 1793.0, 795.0, 2542.0, 2526.0, 9999999.0, 2196.0, 1783.0, 1001.0], [584.0, 1919.0, 727.0, 2331.0, 1424.0, 610.0, 491.0, 761.0, 514.0, 1839.0, 455.0, 427.0, 733.0, 833.0, 282.0, 933.0, 769.0, 376.0, 712.0, 433.0, 886.0, 636.0, 694.0, 1782.0, 964.0, 2210.0, 748.0, 583.0, 1400.0, 675.0, 375.0, 1234.0, 152.0, 1078.0, 2279.0, 377.0, 665.0, 332.0, 1160.0, 485.0, 1090.0, 1641.0, 631.0, 415.0, 2342.0, 9999999.0, 645.0, 1281.0], [856.0, 1456.0, 670.0, 1757.0, 900.0, 860.0, 842.0, 1110.0, 831.0, 1365.0, 324.0, 480.0, 335.0, 625.0, 525.0, 981.0, 1008.0, 896.0, 1082.0, 250.0, 274.0, 802.0, 470.0, 1140.0, 486.0, 1609.0, 1062.0, 832.0, 1051.0, 937.0, 914.0, 615.0, 426.0, 857.0, 1856.0, 786.0, 1087.0, 955.0, 560.0, 646.0, 1048.0, 1351.0, 1035.0, 809.0, 1752.0, 679.0, 9999999.0, 811.0], [1209.0, 724.0, 957.0, 1012.0, 248.0, 1750.0, 1558.0, 1373.0, 1393.0, 683.0, 957.0, 1018.0, 588.0, 633.0, 1190.0, 1169.0, 1840.0, 1656.0, 1912.0, 1112.0, 811.0, 1188.0, 873.0, 590.0, 428.0, 984.0, 1759.0, 1682.0, 509.0, 1743.0, 1590.0, 480.0, 1202.0, 703.0, 1134.0, 1594.0, 1913.0, 1515.0, 346.0, 1227.0, 968.0, 537.0, 1714.0, 1616.0, 1145.0, 1371.0, 902.0, 9999999.0]], "list_address": []}}
{"log_key": 2, "dataset": {"list_points": [[10.756437, 106.685325], [10.758142, 106.68982], [10.756861, 106.689123], [10.7643, 106.69533], [10.770753, 106.724016], [10.761567, 106.769961], [10.800487, 106.762021], [10.769346, 106.681137], [10.755118, 106.691248], [10.757926, 106.716987], [10.7548, 106.654822], [10.755266, 106.660265], [10.754369, 106.683982], [10.754904, 106.63566], [10.734524, 106.700861]], "distance_matrix": [[0.0, 0.004807499349965775, 0.003821593908295027, 0.012725045933113799, 0.04125459170807508, 0.08479132854247622, 0.08844590954928201, 0.013571353101294146, 0.006068087837197991, 0.031696992996179, 0.030546894735809425, 0.025087344239686386, 0.0024658209586288205, 0.04968865377528806, 0.02686162439242833], [0.004807499349965775, 0.0, 0.0014583449523347153, 0.008263235685857172, 0.03644727338225148, 0.08021415402533154, 0.08370235018206519, 0.014174770015766135, 0.003344212911883975, 0.027167858675285955, 0.03515720364306744, 0.029694602219934026, 0.006951098690132247, 0.05425670690338258, 0.026071317669041652], [0.003821593908295027, 0.0014583449523347153, 0.0, 0.009688424536530104, 0.03755674523971321, 0.08097486449510109, 0.08495496618798293, 0.014820641720243062, 0.002748394804250668, 0.027884345446871243, 0.034362862540829646, 0.028902044720053584, 0.005713137929364794, 0.05349880576236556, 0.025233355167321798], [0.012725045933113799, 0.008263235685857172, 0.009688424536530104, 0.0, 0.029402853688042185, 0.07468102469837631, 0.07587613887119438, 0.015063311886825055, 0.010048474909158637, 0.02257550719253537, 0.04160706747657461, 0.036210045305138834, 0.015079849634527395, 0.06040524576557614, 0.030285345251458748], [0.04125459170807508, 0.03644727338225148, 0.03755674523971321, 0.029402853688042185, 0.0, 0.04685430205433633, 0.04825443794098057, 0.04290207792170362, 0.03630695593134012, 0.014626645890293243, 0.07100920957876801, 0.06560516115368743, 0.04325686780154579, 0.08976621601137469, 0.04299644713229261], [0.08479132854247622, 0.08021415402533154, 0.08097486449510109, 0.07468102469837631, 0.04685430205433633, 0.0, 0.03972165656162803, 0.08916398273404978, 0.07897674322228637, 0.053098978869646235, 0.11533768512502676, 0.1098768174684719, 0.0862797754111534, 0.1344661822541202, 0.07420332774882003], [0.08844590954928201, 0.08370235018206519, 0.08495496618798293, 0.07587613887119438, 0.04825443794098057, 0.03972165656162803, 0.0, 0.08667169859302164, 0.08406642427271695, 0.061963698057815944, 0.11652865557450623, 0.11135179557152088, 0.09064742381888526, 0.13433135229722348, 0.08995367123692129], [0.013571353101294146, 0.014174770015766135, 0.014820641720243062, 0.015063311886825055, 0.04290207792170362, 0.08916398273404978, 0.08667169859302164, 0.0, 0.017454750213048747, 0.03762497707640186, 0.030067679341788386, 0.02517710833277859, 0.015244820563062192, 0.04771508035202817, 0.04002009320328817], [0.006068087837197991, 0.003344212911883975, 0.002748394804250668, 0.010048474909158637, 0.03630695593134012, 0.07897674322228637, 0.08406642427271695, 0.017454750213048747, 0.0, 0.025891716532514358, 0.036427388048011704, 0.03098335348215852, 0.007304502515573377, 0.055588411921910684, 0.022727133673210866], [0.031696992996179, 0.027167858675285955, 0.027884345446871243, 0.02257550719253537, 0.014626645890293243, 0.053098978869646235, 0.061963698057815944, 0.03762497707640186, 0.025891716532514358, 0.0, 0.062243546661488645, 0.05678433660791388, 0.03319611835742516, 0.08138312732379037, 0.02842008937353911], [0.030546894735809425, 0.03515720364306744, 0.034362862540829646, 0.04160706747657461, 0.07100920957876801, 0.11533768512502676, 0.11652865557450623, 0.030067679341788386, 0.036427388048011704, 0.062243546661488645, 0.0, 0.005462911769376952, 0.029163185028392602, 0.01916228222315347, 0.05030611987622035], [0.025087344239686386, 0.029694602219934026, 0.028902044720053584, 0.036210045305138834, 0.06560516115368743, 0.1098768174684719, 0.11135179557152088, 0.02517710833277859, 0.03098335348215852, 0.05678433660791388, 0.005462911769376952, 0.0, 0.023733956644441553, 0.024607662810590222, 0.04558800039484785], [0.0024658209586288205, 0.006951098690132247, 0.005713137929364794, 0.015079849634527395, 0.04325686780154579, 0.0862797754111534, 0.09064742381888526, 0.015244820563062192, 0.007304502515573377, 0.03319611835742516, 0.029163185028392602, 0.023733956644441553, 0.0, 0.048324961551975285, 0.0260523447313309], [0.04968865377528806, 0.05425670690338258, 0.05349880576236556, 0.06040524576557614, 0.08976621601137469, 0.1344661822541202, 0.13433135229722348, 0.04771508035202817, 0.055588411921910684, 0.08138312732379037, 0.01916228222315347, 0.024607662810590222, 0.048324961551975285, 0.0, 0.06831189355449178], [0.02686162439242833, 0.026071317669041652, 0.025233355167321798, 0.030285345251458748, 0.04299644713229261, 0.07420332774882003, 0.08995367123692129, 0.04002009320328817, 0.022727133673210866, 0.02842008937353911, 0.05030611987622035, 0.04558800039484785, 0.0260523447313309, 0.06831189355449178, 0.0]], "list_address": ["603 \u0110\u01b0\u1eddng Tr\u1ea7n H\u01b0ng \u0110\u1ea1o, C\u1ea7u Kho, Qu\u1eadn 1, H\u1ed3 Ch\u00ed Minh, Vi\u1ec7t Nam", "TK51/10, B\u1ebfn Ch\u01b0\u01a1ng D\u01b0\u01a1ng, Ph\u01b0\u1eddng C\u1ea7u Kho, Qu\u1eadn 1, C\u1ea7u Kho, Qu\u1eadn 1, H\u1ed3 Ch\u00ed Minh, Vi\u1ec7t Nam", "225, Vo Van Kiet Street, Ward C\u00f4 Giang, District 1, C\u1ea7u Kho, Qu\u1eadn 1, H\u1ed3 Ch\u00ed Minh, Vi\u1ec7t Nam", "96 De Tham, Cau Ong Lanh ward, district 1, C\u1ea7u \u00d4ng L\u00e3nh, H\u1ed3 Ch\u00ed Minh, 700000, Vi\u1ec7t Nam", "133 Nguy\u1ec5n C\u01a1 Th\u1ea1ch, An L\u1ee3i \u0110\u00f4ng, H\u1ed3 Ch\u00ed Minh, Qu\u1eadn 2, Vi\u1ec7t Nam", "Ph\u01b0\u1eddng Th\u1ea1nh M\u1ef9 L\u1ee3i, Qu\u1eadn 2, H\u1ed3 Ch\u00ed Minh, Vi\u1ec7t Nam", "An Ph\u00fa, Qu\u1eadn 2, H\u1ed3 Ch\u00ed Minh, Vi\u1ec7t Nam", "B\u00e0n C\u1edd, Ph\u01b0\u1eddng 3, Qu\u1eadn 3, H\u1ed3 Ch\u00ed Minh, Vi\u1ec7t Nam", "Tp.HCM, 360B B\u1ebfn V\u00e2n \u0110\u1ed3n, Ph\u01b0\u1eddng 1, Qu\u1eadn 4, H\u1ed3 Ch\u00ed Minh, Vi\u1ec7t Nam", "460C, Nguy\u1ec5n T\u1ea5t Th\u00e0nh, Ph\u01b0\u1eddng 18, Qu\u1eadn 4, Th\u00e0nh Ph\u1ed1 H\u1ed3 Ch\u00ed Minh, Ph\u01b0\u1eddng 18, Qu\u1eadn 4, H\u1ed3 Ch\u00ed Minh, Vi\u1ec7t Nam", "79 D\u01b0\u01a1ng T\u1eed Giang, Ph\u01b0\u1eddng 15, Qu\u1eadn 5, H\u1ed3 Ch\u00ed Minh, Vi\u1ec7t Nam", "225 L\u01b0\u01a1ng Nh\u1eef H\u1ecdc, Ph\u01b0\u1eddng 12, Qu\u1eadn 5, H\u1ed3 Ch\u00ed Minh, Vi\u1ec7t Nam", "73/11 Nguy\u1ec5n Bi\u1ec3u, 11 H\u1ebbm 73 Nguy\u1ec5n Bi\u1ec3u, Ph\u01b0\u1eddng 1, Qu\u1eadn 5, H\u1ed3 Ch\u00ed Minh 700000, Vi\u1ec7t Nam", "458, H\u00f9ng V\u01b0\u01a1ng, Ph\u01b0\u1eddng 14, Qu\u1eadn 6, Ph\u01b0\u1eddng 14, Qu\u1eadn 6, H\u1ed3 Ch\u00ed Minh, Vi\u1ec7t Nam", "24 S\u1ed1 6, T\u00e2n H\u01b0ng, Qu\u1eadn 7, H\u1ed3 Ch\u00ed Minh, Vi\u1ec7t Nam"]}}
