{"log_key": 1, "dataset": {"list_points": [[10.756437, 106.685325], [10.758142, 106.68982], [10.756861, 106.689123], [10.7643, 106.69533], [10.770753, 106.724016], [10.761567, 106.769961], [10.800487, 106.762021], [10.769346, 106.681137], [10.755118, 106.691248], [10.757926, 106.716987], [10.7548, 106.654822], [10.755266, 106.660265], [10.754369, 106.683982], [10.754904, 106.63566], [10.734524, 106.700861]], "distance_matrix": [[0.0, 0.004807499349965775, 0.003821593908295027, 0.012725045933113799, 0.04125459170807508, 0.08479132854247622, 0.08844590954928201, 0.013571353101294146, 0.006068087837197991, 0.031696992996179, 0.030546894735809425, 0.025087344239686386, 0.0024658209586288205, 0.04968865377528806, 0.02686162439242833], [0.004807499349965775, 0.0, 0.0014583449523347153, 0.008263235685857172, 0.03644727338225148, 0.08021415402533154, 0.08370235018206519, 0.014174770015766135, 0.003344212911883975, 0.027167858675285955, 0.03515720364306744, 0.029694602219934026, 0.006951098690132247, 0.05425670690338258, 0.026071317669041652], [0.003821593908295027, 0.0014583449523347153, 0.0, 0.009688424536530104, 0.03755674523971321, 0.08097486449510109, 0.08495496618798293, 0.014820641720243062, 0.002748394804250668, 0.027884345446871243, 0.034362862540829646, 0.028902044720053584, 0.005713137929364794, 0.05349880576236556, 0.025233355167321798], [0.012725045933113799, 0.008263235685857172, 0.009688424536530104, 0.0, 0.029402853688042185, 0.07468102469837631, 0.07587613887119438, 0.015063311886825055, 0.010048474909158637, 0.02257550719253537, 0.04160706747657461, 0.036210045305138834, 0.015079849634527395, 0.06040524576557614, 0.030285345251458748], [0.04125459170807508, 0.03644727338225148, 0.03755674523971321, 0.029402853688042185, 0.0, 0.04685430205433633, 0.04825443794098057, 0.04290207792170362, 0.03630695593134012, 0.014626645890293243, 0.07100920957876801, 0.06560516115368743, 0.04325686780154579, 0.08976621601137469, 0.04299644713229261], [0.08479132854247622, 0.08021415402533154, 0.08097486449510109, 0.07468102469837631, 0.04685430205433633, 0.0, 0.03972165656162803, 0.08916398273404978, 0.07897674322228637, 0.053098978869646235, 0.11533768512502676, 0.1098768174684719, 0.0862797754111534, 0.1344661822541202, 0.07420332774882003], [0.08844590954928201, 0.08370235018206519, 0.08495496618798293, 0.07587613887119438, 0.04825443794098057, 0.03972165656162803, 0.0, 0.08667169859302164, 0.08406642427271695, 0.061963698057815944, 0.11652865557450623, 0.11135179557152088, 0.09064742381888526, 0.13433135229722348, 0.08995367123692129], [0.013571353101294146, 0.014174770015766135, 0.014820641720243062, 0.015063311886825055, 0.04290207792170362, 0.08916398273404978, 0.08667169859302164, 0.0, 0.017454750213048747, 0.03762497707640186, 0.030067679341788386, 0.02517710833277859, 0.015244820563062192, 0.04771508035202817, 0.04002009320328817], [0.006068087837197991, 0.003344212911883975, 0.002748394804250668, 0.010048474909158637, 0.03630695593134012, 0.07897674322228637, 0.08406642427271695, 0.017454750213048747, 0.0, 0.025891716532514358, 0.036427388048011704, 0.03098335348215852, 0.007304502515573377, 0.055588411921910684, 0.022727133673210866], [0.031696992996179, 0.027167858675285955, 0.027884345446871243, 0.02257550719253537, 0.014626645890293243, 0.053098978869646235, 0.061963698057815944, 0.03762497707640186, 0.025891716532514358, 0.0, 0.062243546661488645, 0.05678433660791388, 0.03319611835742516, 0.08138312732379037, 0.02842008937353911], [0.030546894735809425, 0.03515720364306744, 0.034362862540829646, 0.04160706747657461, 0.07100920957876801, 0.11533768512502676, 0.11652865557450623, 0.030067679341788386, 0.036427388048011704, 0.062243546661488645, 0.0, 0.005462911769376952, 0.029163185028392602, 0.01916228222315347, 0.05030611987622035], [0.025087344239686386, 0.029694602219934026, 0.028902044720053584, 0.036210045305138834, 0.06560516115368743, 0.1098768174684719, 0.11135179557152088, 0.02517710833277859, 0.03098335348215852, 0.05678433660791388, 0.005462911769376952, 0.0, 0.023733956644441553, 0.024607662810590222, 0.04558800039484785], [0.0024658209586288205, 0.006951098690132247, 0.005713137929364794, 0.015079849634527395, 0.04325686780154579, 0.0862797754111534, 0.09064742381888526, 0.015244820563062192, 0.007304502515573377, 0.03319611835742516, 0.029163185028392602, 0.023733956644441553, 0.0, 0.048324961551975285, 0.0260523447313309], [0.04968865377528806, 0.05425670690338258, 0.05349880576236556, 0.06040524576557614, 0.08976621601137469, 0.1344661822541202, 0.13433135229722348, 0.04771508035202817, 0.055588411921910684, 0.08138312732379037, 0.01916228222315347, 0.024607662810590222, 0.048324961551975285, 0.0, 0.06831189355449178], [0.02686162439242833, 0.026071317669041652, 0.025233355167321798, 0.030285345251458748, 0.04299644713229261, 0.07420332774882003, 0.08995367123692129, 0.04002009320328817, 0.022727133673210866, 0.02842008937353911, 0.05030611987622035, 0.04558800039484785, 0.0260523447313309, 0.06831189355449178, 0.0]], "list_address": ["603 \u0110\u01b0\u1eddng Tr\u1ea7n H\u01b0ng \u0110\u1ea1o, C\u1ea7u Kho, Qu\u1eadn 1, H\u1ed3 Ch\u00ed Minh, Vi\u1ec7t Nam", "TK51/10, B\u1ebfn Ch\u01b0\u01a1ng D\u01b0\u01a1ng, Ph\u01b0\u1eddng C\u1ea7u Kho, Qu\u1eadn 1, C\u1ea7u Kho, Qu\u1eadn 1, H\u1ed3 Ch\u00ed Minh, Vi\u1ec7t Nam", "225, Vo Van Kiet Street, Ward C\u00f4 Giang, District 1, C\u1ea7u Kho, Qu\u1eadn 1, H\u1ed3 Ch\u00ed Minh, Vi\u1ec7t Nam", "96 De Tham, Cau Ong Lanh ward, district 1, C\u1ea7u \u00d4ng L\u00e3nh, H\u1ed3 Ch\u00ed Minh, 700000, Vi\u1ec7t Nam", "133 Nguy\u1ec5n C\u01a1 Th\u1ea1ch, An L\u1ee3i \u0110\u00f4ng, H\u1ed3 Ch\u00ed Minh, Qu\u1eadn 2, Vi\u1ec7t Nam", "Ph\u01b0\u1eddng Th\u1ea1nh M\u1ef9 L\u1ee3i, Qu\u1eadn 2, H\u1ed3 Ch\u00ed Minh, Vi\u1ec7t Nam", "An Ph\u00fa, Qu\u1eadn 2, H\u1ed3 Ch\u00ed Minh, Vi\u1ec7t Nam", "B\u00e0n C\u1edd, Ph\u01b0\u1eddng 3, Qu\u1eadn 3, H\u1ed3 Ch\u00ed Minh, Vi\u1ec7t Nam", "Tp.HCM, 360B B\u1ebfn V\u00e2n \u0110\u1ed3n, Ph\u01b0\u1eddng 1, Qu\u1eadn 4, H\u1ed3 Ch\u00ed Minh, Vi\u1ec7t Nam", "460C, Nguy\u1ec5n T\u1ea5t Th\u00e0nh, Ph\u01b0\u1eddng 18, Qu\u1eadn 4, Th\u00e0nh Ph\u1ed1 H\u1ed3 Ch\u00ed Minh, Ph\u01b0\u1eddng 18, Qu\u1eadn 4, H\u1ed3 Ch\u00ed Minh, Vi\u1ec7t Nam", "79 D\u01b0\u01a1ng T\u1eed Giang, Ph\u01b0\u1eddng 15, Qu\u1eadn 5, H\u1ed3 Ch\u00ed Minh, Vi\u1ec7t Nam", "225 L\u01b0\u01a1ng Nh\u1eef H\u1ecdc, Ph\u01b0\u1eddng 12, Qu\u1eadn 5, H\u1ed3 Ch\u00ed Minh, Vi\u1ec7t Nam", "73/11 Nguy\u1ec5n Bi\u1ec3u, 11 H\u1ebbm 73 Nguy\u1ec5n Bi\u1ec3u, Ph\u01b0\u1eddng 1, Qu\u1eadn 5, H\u1ed3 Ch\u00ed Minh 700000, Vi\u1ec7t Nam", "458, H\u00f9ng V\u01b0\u01a1ng, Ph\u01b0\u1eddng 14, Qu\u1eadn 6, Ph\u01b0\u1eddng 14, Qu\u1eadn 6, H\u1ed3 Ch\u00ed Minh, Vi\u1ec7t Nam", "24 S\u1ed1 6, T\u00e2n H\u01b0ng, Qu\u1eadn 7, H\u1ed3 Ch\u00ed Minh, Vi\u1ec7t Nam"]}}
{"log_key": 2, "dataset": {"list_points": [[10.756437, 106.685325], [10.758142, 106.68982], [10.756861, 106.689123], [10.7643, 106.69533], [10.770753, 106.724016], [10.761567, 106.769961], [10.800487, 106.762021], [10.769346, 106.681137], [10.755118, 106.691248], [10.757926, 106.716987], [10.7548, 106.654822], [10.755266, 106.660265], [10.754369, 106.683982], [10.754904, 106.63566], [10.734524, 106.700861]], "distance_matrix": [[0.0, 0.004807499349965775, 0.003821593908295027, 0.012725045933113799, 0.04125459170807508, 0.08479132854247622, 0.08844590954928201, 0.013571353101294146, 0.006068087837197991, 0.031696992996179, 0.030546894735809425, 0.025087344239686386, 0.0024658209586288205, 0.04968865377528806, 0.02686162439242833], [0.004807499349965775, 0.0, 0.0014583449523347153, 0.008263235685857172, 0.03644727338225148, 0.08021415402533154, 0.08370235018206519, 0.014174770015766135, 0.003344212911883975, 0.027167858675285955, 0.03515720364306744, 0.029694602219934026, 0.006951098690132247, 0.05425670690338258, 0.026071317669041652], [0.003821593908295027, 0.0014583449523347153, 0.0, 0.009688424536530104, 0.03755674523971321, 0.08097486449510109, 0.08495496618798293, 0.014820641720243062, 0.002748394804250668, 0.027884345446871243, 0.034362862540829646, 0.028902044720053584, 0.005713137929364794, 0.05349880576236556, 0.025233355167321798], [0.012725045933113799, 0.008263235685857172, 0.009688424536530104, 0.0, 0.029402853688042185, 0.07468102469837631, 0.07587613887119438, 0.015063311886825055, 0.010048474909158637, 0.02257550719253537, 0.04160706747657461, 0.036210045305138834, 0.015079849634527395, 0.06040524576557614, 0.030285345251458748], [0.04125459170807508, 0.03644727338225148, 0.03755674523971321, 0.029402853688042185, 0.0, 0.04685430205433633, 0.04825443794098057, 0.04290207792170362, 0.03630695593134012, 0.014626645890293243, 0.07100920957876801, 0.06560516115368743, 0.04325686780154579, 0.08976621601137469, 0.04299644713229261], [0.08479132854247622, 0.08021415402533154, 0.08097486449510109, 0.07468102469837631, 0.04685430205433633, 0.0, 0.03972165656162803, 0.08916398273404978, 0.07897674322228637, 0.053098978869646235, 0.11533768512502676, 0.1098768174684719, 0.0862797754111534, 0.1344661822541202, 0.07420332774882003], [0.08844590954928201, 0.08370235018206519, 0.08495496618798293, 0.07587613887119438, 0.04825443794098057, 0.03972165656162803, 0.0, 0.08667169859302164, 0.08406642427271695, 0.061963698057815944, 0.11652865557450623, 0.11135179557152088, 0.09064742381888526, 0.13433135229722348, 0.08995367123692129], [0.013571353101294146, 0.014174770015766135, 0.014820641720243062, 0.015063311886825055, 0.04290207792170362, 0.08916398273404978, 0.08667169859302164, 0.0, 0.017454750213048747, 0.03762497707640186, 0.030067679341788386, 0.02517710833277859, 0.015244820563062192, 0.04771508035202817, 0.04002009320328817], [0.006068087837197991, 0.003344212911883975, 0.002748394804250668, 0.010048474909158637, 0.03630695593134012, 0.07897674322228637, 0.08406642427271695, 0.017454750213048747, 0.0, 0.025891716532514358, 0.036427388048011704, 0.03098335348215852, 0.007304502515573377, 0.055588411921910684, 0.022727133673210866], [0.031696992996179, 0.027167858675285955, 0.027884345446871243, 0.02257550719253537, 0.014626645890293243, 0.053098978869646235, 0.061963698057815944, 0.03762497707640186, 0.025891716532514358, 0.0, 0.062243546661488645, 0.05678433660791388, 0.03319611835742516, 0.08138312732379037, 0.02842008937353911], [0.030546894735809425, 0.03515720364306744, 0.034362862540829646, 0.04160706747657461, 0.07100920957876801, 0.11533768512502676, 0.11652865557450623, 0.030067679341788386, 0.036427388048011704, 0.062243546661488645, 0.0, 0.005462911769376952, 0.029163185028392602, 0.01916228222315347, 0.05030611987622035], [0.025087344239686386, 0.029694602219934026, 0.028902044720053584, 0.036210045305138834, 0.06560516115368743, 0.1098768174684719, 0.11135179557152088, 0.02517710833277859, 0.03098335348215852, 0.05678433660791388, 0.005462911769376952, 0.0, 0.023733956644441553, 0.024607662810590222, 0.04558800039484785], [0.0024658209586288205, 0.006951098690132247, 0.005713137929364794, 0.015079849634527395, 0.04325686780154579, 0.0862797754111534, 0.09064742381888526, 0.015244820563062192, 0.007304502515573377, 0.03319611835742516, 0.029163185028392602, 0.023733956644441553, 0.0, 0.048324961551975285, 0.0260523447313309], [0.04968865377528806, 0.05425670690338258, 0.05349880576236556, 0.06040524576557614, 0.08976621601137469, 0.1344661822541202, 0.13433135229722348, 0.04771508035202817, 0.055588411921910684, 0.08138312732379037, 0.01916228222315347, 0.024607662810590222, 0.048324961551975285, 0.0, 0.06831189355449178], [0.02686162439242833, 0.026071317669041652, 0.025233355167321798, 0.030285345251458748, 0.04299644713229261, 0.07420332774882003, 0.08995367123692129, 0.04002009320328817, 0.022727133673210866, 0.02842008937353911, 0.05030611987622035, 0.04558800039484785, 0.0260523447313309, 0.06831189355449178, 0.0]], "list_address": ["603 \u0110\u01b0\u1eddng Tr\u1ea7n H\u01b0ng \u0110\u1ea1o, C\u1ea7u Kho, Qu\u1eadn 1, H\u1ed3 Ch\u00ed Minh, Vi\u1ec7t Nam", "TK51/10, B\u1ebfn Ch\u01b0\u01a1ng D\u01b0\u01a1ng, Ph\u01b0\u1eddng C\u1ea7u Kho, Qu\u1eadn 1, C\u1ea7u Kho, Qu\u1eadn 1, H\u1ed3 Ch\u00ed Minh, Vi\u1ec7t Nam", "225, Vo Van Kiet Street, Ward C\u00f4 Giang, District 1, C\u1ea7u Kho, Qu\u1eadn 1, H\u1ed3 Ch\u00ed Minh, Vi\u1ec7t Nam", "96 De Tham, Cau Ong Lanh ward, district 1, C\u1ea7u \u00d4ng L\u00e3nh, H\u1ed3 Ch\u00ed Minh, 700000, Vi\u1ec7t Nam", "133 Nguy\u1ec5n C\u01a1 Th\u1ea1ch, An L\u1ee3i \u0110\u00f4ng, H\u1ed3 Ch\u00ed Minh, Qu\u1eadn 2, Vi\u1ec7t Nam", "Ph\u01b0\u1eddng Th\u1ea1nh M\u1ef9 L\u1ee3i, Qu\u1eadn 2, H\u1ed3 Ch\u00ed Minh, Vi\u1ec7t Nam", "An Ph\u00fa, Qu\u1eadn 2, H\u1ed3 Ch\u00ed Minh, Vi\u1ec7t Nam", "B\u00e0n C\u1edd, Ph\u01b0\u1eddng 3, Qu\u1eadn 3, H\u1ed3 Ch\u00ed Minh, Vi\u1ec7t Nam", "Tp.HCM, 360B B\u1ebfn V\u00e2n \u0110\u1ed3n, Ph\u01b0\u1eddng 1, Qu\u1eadn 4, H\u1ed3 Ch\u00ed Minh, Vi\u1ec7t Nam", "460C, Nguy\u1ec5n T\u1ea5t Th\u00e0nh, Ph\u01b0\u1eddng 18, Qu\u1eadn 4, Th\u00e0nh Ph\u1ed1 H\u1ed3 Ch\u00ed Minh, Ph\u01b0\u1eddng 18, Qu\u1eadn 4, H\u1ed3 Ch\u00ed Minh, Vi\u1ec7t Nam", "79 D\u01b0\u01a1ng T\u1eed Giang, Ph\u01b0\u1eddng 15, Qu\u1eadn 5, H\u1ed3 Ch\u00ed Minh, Vi\u1ec7t Nam", "225 L\u01b0\u01a1ng Nh\u1eef H\u1ecdc, Ph\u01b0\u1eddng 12, Qu\u1eadn 5, H\u1ed3 Ch\u00ed Minh, Vi\u1ec7t Nam", "73/11 Nguy\u1ec5n Bi\u1ec3u, 11 H\u1ebbm 73 Nguy\u1ec5n Bi\u1ec3u, Ph\u01b0\u1eddng 1, Qu\u1eadn 5, H\u1ed3 Ch\u00ed Minh 700000, Vi\u1ec7t Nam", "458, H\u00f9ng V\u01b0\u01a1ng, Ph\u01b0\u1eddng 14, Qu\u1eadn 6, Ph\u01b0\u1eddng 14, Qu\u1eadn 6, H\u1ed3 Ch\u00ed Minh, Vi\u1ec7t Nam", "24 S\u1ed1 6, T\u00e2n H\u01b0ng, Qu\u1eadn 7, H\u1ed3 Ch\u00ed Minh, Vi\u1ec7t Nam"]}}
{"log_key": 3, "dataset": {"list_points": [[10.756437, 106.685325], [10.758142, 106.68982], [10.756861, 106.689123], [10.7643, 106.69533], [10.770753, 106.724016], [10.761567, 106.769961], [10.800487, 106.762021], [10.769346, 106.681137], [10.755118, 106.691248], [10.757926, 106.716987], [10.7548, 106.654822], [10.755266, 106.660265], [10.754369, 106.683982], [10.754904, 106.63566], [10.734524, 106.700861]], "distance_matrix": [[0.0, 0.004807499349965775, 0.003821593908295027, 0.012725045933113799, 0.04125459170807508, 0.08479132854247622, 0.08844590954928201, 0.013571353101294146, 0.006068087837197991, 0.031696992996179, 0.030546894735809425, 0.025087344239686386, 0.0024658209586288205, 0.04968865377528806, 0.02686162439242833], [0.004807499349965775, 0.0, 0.0014583449523347153, 0.008263235685857172, 0.03644727338225148, 0.08021415402533154, 0.08370235018206519, 0.014174770015766135, 0.003344212911883975, 0.027167858675285955, 0.03515720364306744, 0.029694602219934026, 0.006951098690132247, 0.05425670690338258, 0.026071317669041652], [0.003821593908295027, 0.0014583449523347153, 0.0, 0.009688424536530104, 0.03755674523971321, 0.08097486449510109, 0.08495496618798293, 0.014820641720243062, 0.002748394804250668, 0.027884345446871243, 0.034362862540829646, 0.028902044720053584, 0.005713137929364794, 0.05349880576236556, 0.025233355167321798], [0.012725045933113799, 0.008263235685857172, 0.009688424536530104, 0.0, 0.029402853688042185, 0.07468102469837631, 0.07587613887119438, 0.015063311886825055, 0.010048474909158637, 0.02257550719253537, 0.04160706747657461, 0.036210045305138834, 0.015079849634527395, 0.06040524576557614, 0.030285345251458748], [0.04125459170807508, 0.03644727338225148, 0.03755674523971321, 0.029402853688042185, 0.0, 0.04685430205433633, 0.04825443794098057, 0.04290207792170362, 0.03630695593134012, 0.014626645890293243, 0.07100920957876801, 0.06560516115368743, 0.04325686780154579, 0.08976621601137469, 0.04299644713229261], [0.08479132854247622, 0.08021415402533154, 0.08097486449510109, 0.07468102469837631, 0.04685430205433633, 0.0, 0.03972165656162803, 0.08916398273404978, 0.07897674322228637, 0.053098978869646235, 0.11533768512502676, 0.1098768174684719, 0.0862797754111534, 0.1344661822541202, 0.07420332774882003], [0.08844590954928201, 0.08370235018206519, 0.08495496618798293, 0.07587613887119438, 0.04825443794098057, 0.03972165656162803, 0.0, 0.08667169859302164, 0.08406642427271695, 0.061963698057815944, 0.11652865557450623, 0.11135179557152088, 0.09064742381888526, 0.13433135229722348, 0.08995367123692129], [0.013571353101294146, 0.014174770015766135, 0.014820641720243062, 0.015063311886825055, 0.04290207792170362, 0.08916398273404978, 0.08667169859302164, 0.0, 0.017454750213048747, 0.03762497707640186, 0.030067679341788386, 0.02517710833277859, 0.015244820563062192, 0.04771508035202817, 0.04002009320328817], [0.006068087837197991, 0.003344212911883975, 0.002748394804250668, 0.010048474909158637, 0.03630695593134012, 0.07897674322228637, 0.08406642427271695, 0.017454750213048747, 0.0, 0.025891716532514358, 0.036427388048011704, 0.03098335348215852, 0.007304502515573377, 0.055588411921910684, 0.022727133673210866], [0.031696992996179, 0.027167858675285955, 0.027884345446871243, 0.02257550719253537, 0.014626645890293243, 0.053098978869646235, 0.061963698057815944, 0.03762497707640186, 0.025891716532514358, 0.0, 0.062243546661488645, 0.05678433660791388, 0.03319611835742516, 0.08138312732379037, 0.02842008937353911], [0.030546894735809425, 0.03515720364306744, 0.034362862540829646, 0.04160706747657461, 0.07100920957876801, 0.11533768512502676, 0.11652865557450623, 0.030067679341788386, 0.036427388048011704, 0.062243546661488645, 0.0, 0.005462911769376952, 0.029163185028392602, 0.01916228222315347, 0.05030611987622035], [0.025087344239686386, 0.029694602219934026, 0.028902044720053584, 0.036210045305138834, 0.06560516115368743, 0.1098768174684719, 0.11135179557152088, 0.02517710833277859, 0.03098335348215852, 0.05678433660791388, 0.005462911769376952, 0.0, 0.023733956644441553, 0.024607662810590222, 0.04558800039484785], [0.0024658209586288205, 0.006951098690132247, 0.005713137929364794, 0.015079849634527395, 0.04325686780154579, 0.0862797754111534, 0.09064742381888526, 0.015244820563062192, 0.007304502515573377, 0.03319611835742516, 0.029163185028392602, 0.023733956644441553, 0.0, 0.048324961551975285, 0.0260523447313309], [0.04968865377528806, 0.05425670690338258, 0.05349880576236556, 0.06040524576557614, 0.08976621601137469, 0.1344661822541202, 0.13433135229722348, 0.04771508035202817, 0.055588411921910684, 0.08138312732379037, 0.01916228222315347, 0.024607662810590222, 0.048324961551975285, 0.0, 0.06831189355449178], [0.02686162439242833, 0.026071317669041652, 0.025233355167321798, 0.030285345251458748, 0.04299644713229261, 0.07420332774882003, 0.08995367123692129, 0.04002009320328817, 0.022727133673210866, 0.02842008937353911, 0.05030611987622035, 0.04558800039484785, 0.0260523447313309, 0.06831189355449178, 0.0]], "list_address": ["603 \u0110\u01b0\u1eddng Tr\u1ea7n H\u01b0ng \u0110\u1ea1o, C\u1ea7u Kho, Qu\u1eadn 1, H\u1ed3 Ch\u00ed Minh, Vi\u1ec7t Nam", "TK51/10, B\u1ebfn Ch\u01b0\u01a1ng D\u01b0\u01a1ng, Ph\u01b0\u1eddng C\u1ea7u Kho, Qu\u1eadn 1, C\u1ea7u Kho, Qu\u1eadn 1, H\u1ed3 Ch\u00ed Minh, Vi\u1ec7t Nam", "225, Vo Van Kiet Street, Ward C\u00f4 Giang, District 1, C\u1ea7u Kho, Qu\u1eadn 1, H\u1ed3 Ch\u00ed Minh, Vi\u1ec7t Nam", "96 De Tham, Cau Ong Lanh ward, district 1, C\u1ea7u \u00d4ng L\u00e3nh, H\u1ed3 Ch\u00ed Minh, 700000, Vi\u1ec7t Nam", "133 Nguy\u1ec5n C\u01a1 Th\u1ea1ch, An L\u1ee3i \u0110\u00f4ng, H\u1ed3 Ch\u00ed Minh, Qu\u1eadn 2, Vi\u1ec7t Nam", "Ph\u01b0\u1eddng Th\u1ea1nh M\u1ef9 L\u1ee3i, Qu\u1eadn 2, H\u1ed3 Ch\u00ed Minh, Vi\u1ec7t Nam", "An Ph\u00fa, Qu\u1eadn 2, H\u1ed3 Ch\u00ed Minh, Vi\u1ec7t Nam", "B\u00e0n C\u1edd, Ph\u01b0\u1eddng 3, Qu\u1eadn 3, H\u1ed3 Ch\u00ed Minh, Vi\u1ec7t Nam", "Tp.HCM, 360B B\u1ebfn V\u00e2n \u0110\u1ed3n, Ph\u01b0\u1eddng 1, Qu\u1eadn 4, H\u1ed3 Ch\u00ed Minh, Vi\u1ec7t Nam", "460C, Nguy\u1ec5n T\u1ea5t Th\u00e0nh, Ph\u01b0\u1eddng 18, Qu\u1eadn 4, Th\u00e0nh Ph\u1ed1 H\u1ed3 Ch\u00ed Minh, Ph\u01b0\u1eddng 18, Qu\u1eadn 4, H\u1ed3 Ch\u00ed Minh, Vi\u1ec7t Nam", "79 D\u01b0\u01a1ng T\u1eed Giang, Ph\u01b0\u1eddng 15, Qu\u1eadn 5, H\u1ed3 Ch\u00ed Minh, Vi\u1ec7t Nam", "225 L\u01b0\u01a1ng Nh\u1eef H\u1ecdc, Ph\u01b0\u1eddng 12, Qu\u1eadn 5, H\u1ed3 Ch\u00ed Minh, Vi\u1ec7t Nam", "73/11 Nguy\u1ec5n Bi\u1ec3u, 11 H\u1ebbm 73 Nguy\u1ec5n Bi\u1ec3u, Ph\u01b0\u1eddng 1, Qu\u1eadn 5, H\u1ed3 Ch\u00ed Minh 700000, Vi\u1ec7t Nam", "458, H\u00f9ng V\u01b0\u01a1ng, Ph\u01b0\u1eddng 14, Qu\u1eadn 6, Ph\u01b0\u1eddng 14, Qu\u1eadn 6, H\u1ed3 Ch\u00ed Minh, Vi\u1ec7t Nam", "24 S\u1ed1 6, T\u00e2n H\u01b0ng, Qu\u1eadn 7, H\u1ed3 Ch\u00ed Minh, Vi\u1ec7t Nam"]}}
{"log_key": 4, "dataset": {"list_points": [[10.756437, 106.685325], [10.758142, 106.68982], [10.756861, 106.689123], [10.7643, 106.69533], [10.770753, 106.724016], [10.761567, 106.769961], [10.800487, 106.762021], [10.769346, 106.681137], [10.755118, 106.691248], [10.757926, 106.716987], [10.7548, 106.654822], [10.755266, 106.660265], [10.754369, 106.683982], [10.754904, 106.63566], [10.734524, 106.700861]], "distance_matrix": [[0.0, 0.004807499349965775, 0.003821593908295027, 0.012725045933113799, 0.04125459170807508, 0.08479132854247622, 0.08844590954928201, 0.013571353101294146, 0.006068087837197991, 0.031696992996179, 0.030546894735809425, 0.025087344239686386, 0.0024658209586288205, 0.04968865377528806, 0.02686162439242833], [0.004807499349965775, 0.0, 0.0014583449523347153, 0.008263235685857172, 0.03644727338225148, 0.08021415402533154, 0.08370235018206519, 0.014174770015766135, 0.003344212911883975, 0.027167858675285955, 0.03515720364306744, 0.029694602219934026, 0.006951098690132247, 0.05425670690338258, 0.026071317669041652], [0.003821593908295027, 0.0014583449523347153, 0.0, 0.009688424536530104, 0.03755674523971321, 0.08097486449510109, 0.08495496618798293, 0.014820641720243062, 0.002748394804250668, 0.027884345446871243, 0.034362862540829646, 0.028902044720053584, 0.005713137929364794, 0.05349880576236556, 0.025233355167321798], [0.012725045933113799, 0.008263235685857172, 0.009688424536530104, 0.0, 0.029402853688042185, 0.07468102469837631, 0.07587613887119438, 0.015063311886825055, 0.010048474909158637, 0.02257550719253537, 0.04160706747657461, 0.036210045305138834, 0.015079849634527395, 0.06040524576557614, 0.030285345251458748], [0.04125459170807508, 0.03644727338225148, 0.03755674523971321, 0.029402853688042185, 0.0, 0.04685430205433633, 0.04825443794098057, 0.04290207792170362, 0.03630695593134012, 0.014626645890293243, 0.07100920957876801, 0.06560516115368743, 0.04325686780154579, 0.08976621601137469, 0.04299644713229261], [0.08479132854247622, 0.08021415402533154, 0.08097486449510109, 0.07468102469837631, 0.04685430205433633, 0.0, 0.03972165656162803, 0.08916398273404978, 0.07897674322228637, 0.053098978869646235, 0.11533768512502676, 0.1098768174684719, 0.0862797754111534, 0.1344661822541202, 0.07420332774882003], [0.08844590954928201, 0.08370235018206519, 0.08495496618798293, 0.07587613887119438, 0.04825443794098057, 0.03972165656162803, 0.0, 0.08667169859302164, 0.08406642427271695, 0.061963698057815944, 0.11652865557450623, 0.11135179557152088, 0.09064742381888526, 0.13433135229722348, 0.08995367123692129], [0.013571353101294146, 0.014174770015766135, 0.014820641720243062, 0.015063311886825055, 0.04290207792170362, 0.08916398273404978, 0.08667169859302164, 0.0, 0.017454750213048747, 0.03762497707640186, 0.030067679341788386, 0.02517710833277859, 0.015244820563062192, 0.04771508035202817, 0.04002009320328817], [0.006068087837197991, 0.003344212911883975, 0.002748394804250668, 0.010048474909158637, 0.03630695593134012, 0.07897674322228637, 0.08406642427271695, 0.017454750213048747, 0.0, 0.025891716532514358, 0.036427388048011704, 0.03098335348215852, 0.007304502515573377, 0.055588411921910684, 0.022727133673210866], [0.031696992996179, 0.027167858675285955, 0.027884345446871243, 0.02257550719253537, 0.014626645890293243, 0.053098978869646235, 0.061963698057815944, 0.03762497707640186, 0.025891716532514358, 0.0, 0.062243546661488645, 0.05678433660791388, 0.03319611835742516, 0.08138312732379037, 0.02842008937353911], [0.030546894735809425, 0.03515720364306744, 0.034362862540829646, 0.04160706747657461, 0.07100920957876801, 0.11533768512502676, 0.11652865557450623, 0.030067679341788386, 0.036427388048011704, 0.062243546661488645, 0.0, 0.005462911769376952, 0.029163185028392602, 0.01916228222315347, 0.05030611987622035], [0.025087344239686386, 0.029694602219934026, 0.028902044720053584, 0.036210045305138834, 0.06560516115368743, 0.1098768174684719, 0.11135179557152088, 0.02517710833277859, 0.03098335348215852, 0.05678433660791388, 0.005462911769376952, 0.0, 0.023733956644441553, 0.024607662810590222, 0.04558800039484785], [0.0024658209586288205, 0.006951098690132247, 0.005713137929364794, 0.015079849634527395, 0.04325686780154579, 0.0862797754111534, 0.09064742381888526, 0.015244820563062192, 0.007304502515573377, 0.03319611835742516, 0.029163185028392602, 0.023733956644441553, 0.0, 0.048324961551975285, 0.0260523447313309], [0.04968865377528806, 0.05425670690338258, 0.05349880576236556, 0.06040524576557614, 0.08976621601137469, 0.1344661822541202, 0.13433135229722348, 0.04771508035202817, 0.055588411921910684, 0.08138312732379037, 0.01916228222315347, 0.024607662810590222, 0.048324961551975285, 0.0, 0.06831189355449178], [0.02686162439242833, 0.026071317669041652, 0.025233355167321798, 0.030285345251458748, 0.04299644713229261, 0.07420332774882003, 0.08995367123692129, 0.04002009320328817, 0.022727133673210866, 0.02842008937353911, 0.05030611987622035, 0.04558800039484785, 0.0260523447313309, 0.06831189355449178, 0.0]], "list_address": ["603 \u0110\u01b0\u1eddng Tr\u1ea7n H\u01b0ng \u0110\u1ea1o, C\u1ea7u Kho, Qu\u1eadn 1, H\u1ed3 Ch\u00ed Minh, Vi\u1ec7t Nam", "TK51/10, B\u1ebfn Ch\u01b0\u01a1ng D\u01b0\u01a1ng, Ph\u01b0\u1eddng C\u1ea7u Kho, Qu\u1eadn 1, C\u1ea7u Kho, Qu\u1eadn 1, H\u1ed3 Ch\u00ed Minh, Vi\u1ec7t Nam", "225, Vo Van Kiet Street, Ward C\u00f4 Giang, District 1, C\u1ea7u Kho, Qu\u1eadn 1, H\u1ed3 Ch\u00ed Minh, Vi\u1ec7t Nam", "96 De Tham, Cau Ong Lanh ward, district 1, C\u1ea7u \u00d4ng L\u00e3nh, H\u1ed3 Ch\u00ed Minh, 700000, Vi\u1ec7t Nam", "133 Nguy\u1ec5n C\u01a1 Th\u1ea1ch, An L\u1ee3i \u0110\u00f4ng, H\u1ed3 Ch\u00ed Minh, Qu\u1eadn 2, Vi\u1ec7t Nam", "Ph\u01b0\u1eddng Th\u1ea1nh M\u1ef9 L\u1ee3i, Qu\u1eadn 2, H\u1ed3 Ch\u00ed Minh, Vi\u1ec7t Nam", "An Ph\u00fa, Qu\u1eadn 2, H\u1ed3 Ch\u00ed Minh, Vi\u1ec7t Nam", "B\u00e0n C\u1edd, Ph\u01b0\u1eddng 3, Qu\u1eadn 3, H\u1ed3 Ch\u00ed Minh, Vi\u1ec7t Nam", "Tp.HCM, 360B B\u1ebfn V\u00e2n \u0110\u1ed3n, Ph\u01b0\u1eddng 1, Qu\u1eadn 4, H\u1ed3 Ch\u00ed Minh, Vi\u1ec7t Nam", "460C, Nguy\u1ec5n T\u1ea5t Th\u00e0nh, Ph\u01b0\u1eddng 18, Qu\u1eadn 4, Th\u00e0nh Ph\u1ed1 H\u1ed3 Ch\u00ed Minh, Ph\u01b0\u1eddng 18, Qu\u1eadn 4, H\u1ed3 Ch\u00ed Minh, Vi\u1ec7t Nam", "79 D\u01b0\u01a1ng T\u1eed Giang, Ph\u01b0\u1eddng 15, Qu\u1eadn 5, H\u1ed3 Ch\u00ed Minh, Vi\u1ec7t Nam", "225 L\u01b0\u01a1ng Nh\u1eef H\u1ecdc, Ph\u01b0\u1eddng 12, Qu\u1eadn 5, H\u1ed3 Ch\u00ed Minh, Vi\u1ec7t Nam", "73/11 Nguy\u1ec5n Bi\u1ec3u, 11 H\u1ebbm 73 Nguy\u1ec5n Bi\u1ec3u, Ph\u01b0\u1eddng 1, Qu\u1eadn 5, H\u1ed3 Ch\u00ed Minh 700000, Vi\u1ec7t Nam", "458, H\u00f9ng V\u01b0\u01a1ng, Ph\u01b0\u1eddng 14, Qu\u1eadn 6, Ph\u01b0\u1eddng 14, Qu\u1eadn 6, H\u1ed3 Ch\u00ed Minh, Vi\u1ec7t Nam", "24 S\u1ed1 6, T\u00e2n H\u01b0ng, Qu\u1eadn 7, H\u1ed3 Ch\u00ed Minh, Vi\u1ec7t Nam"]}}
{"log_key": 5, "dataset": {"list_points": [[10.756437, 106.685325], [10.758142, 106.68982], [10.756861, 106.689123], [10.7643, 106.69533], [10.770753, 106.724016], [10.761567, 106.769961], [10.800487, 106.762021], [10.769346, 106.681137], [10.755118, 106.691248], [10.757926, 106.716987], [10.7548, 106.654822], [10.755266, 106.660265], [10.754369, 106.683982], [10.754904, 106.63566], [10.734524, 106.700861]], "distance_matrix": [[0.0, 0.004807499349965775, 0.003821593908295027, 0.012725045933113799, 0.04125459170807508, 0.08479132854247622, 0.08844590954928201, 0.013571353101294146, 0.006068087837197991, 0.031696992996179, 0.030546894735809425, 0.025087344239686386, 0.0024658209586288205, 0.04968865377528806, 0.02686162439242833], [0.004807499349965775, 0.0, 0.0014583449523347153, 0.008263235685857172, 0.03644727338225148, 0.08021415402533154, 0.08370235018206519, 0.014174770015766135, 0.003344212911883975, 0.027167858675285955, 0.03515720364306744, 0.029694602219934026, 0.006951098690132247, 0.05425670690338258, 0.026071317669041652], [0.003821593908295027, 0.0014583449523347153, 0.0, 0.009688424536530104, 0.03755674523971321, 0.08097486449510109, 0.08495496618798293, 0.014820641720243062, 0.002748394804250668, 0.027884345446871243, 0.034362862540829646, 0.028902044720053584, 0.005713137929364794, 0.05349880576236556, 0.025233355167321798], [0.012725045933113799, 0.008263235685857172, 0.009688424536530104, 0.0, 0.029402853688042185, 0.07468102469837631, 0.07587613887119438, 0.015063311886825055, 0.010048474909158637, 0.02257550719253537, 0.04160706747657461, 0.036210045305138834, 0.015079849634527395, 0.06040524576557614, 0.030285345251458748], [0.04125459170807508, 0.03644727338225148, 0.03755674523971321, 0.029402853688042185, 0.0, 0.04685430205433633, 0.04825443794098057, 0.04290207792170362, 0.03630695593134012, 0.014626645890293243, 0.07100920957876801, 0.06560516115368743, 0.04325686780154579, 0.08976621601137469, 0.04299644713229261], [0.08479132854247622, 0.08021415402533154, 0.08097486449510109, 0.07468102469837631, 0.04685430205433633, 0.0, 0.03972165656162803, 0.08916398273404978, 0.07897674322228637, 0.053098978869646235, 0.11533768512502676, 0.1098768174684719, 0.0862797754111534, 0.1344661822541202, 0.07420332774882003], [0.08844590954928201, 0.08370235018206519, 0.08495496618798293, 0.07587613887119438, 0.04825443794098057, 0.03972165656162803, 0.0, 0.08667169859302164, 0.08406642427271695, 0.061963698057815944, 0.11652865557450623, 0.11135179557152088, 0.09064742381888526, 0.13433135229722348, 0.08995367123692129], [0.013571353101294146, 0.014174770015766135, 0.014820641720243062, 0.015063311886825055, 0.04290207792170362, 0.08916398273404978, 0.08667169859302164, 0.0, 0.017454750213048747, 0.03762497707640186, 0.030067679341788386, 0.02517710833277859, 0.015244820563062192, 0.04771508035202817, 0.04002009320328817], [0.006068087837197991, 0.003344212911883975, 0.002748394804250668, 0.010048474909158637, 0.03630695593134012, 0.07897674322228637, 0.08406642427271695, 0.017454750213048747, 0.0, 0.025891716532514358, 0.036427388048011704, 0.03098335348215852, 0.007304502515573377, 0.055588411921910684, 0.022727133673210866], [0.031696992996179, 0.027167858675285955, 0.027884345446871243, 0.02257550719253537, 0.014626645890293243, 0.053098978869646235, 0.061963698057815944, 0.03762497707640186, 0.025891716532514358, 0.0, 0.062243546661488645, 0.05678433660791388, 0.03319611835742516, 0.08138312732379037, 0.02842008937353911], [0.030546894735809425, 0.03515720364306744, 0.034362862540829646, 0.04160706747657461, 0.07100920957876801, 0.11533768512502676, 0.11652865557450623, 0.030067679341788386, 0.036427388048011704, 0.062243546661488645, 0.0, 0.005462911769376952, 0.029163185028392602, 0.01916228222315347, 0.05030611987622035], [0.025087344239686386, 0.029694602219934026, 0.028902044720053584, 0.036210045305138834, 0.06560516115368743, 0.1098768174684719, 0.11135179557152088, 0.02517710833277859, 0.03098335348215852, 0.05678433660791388, 0.005462911769376952, 0.0, 0.023733956644441553, 0.024607662810590222, 0.04558800039484785], [0.0024658209586288205, 0.006951098690132247, 0.005713137929364794, 0.015079849634527395, 0.04325686780154579, 0.0862797754111534, 0.09064742381888526, 0.015244820563062192, 0.007304502515573377, 0.03319611835742516, 0.029163185028392602, 0.023733956644441553, 0.0, 0.048324961551975285, 0.0260523447313309], [0.04968865377528806, 0.05425670690338258, 0.05349880576236556, 0.06040524576557614, 0.08976621601137469, 0.1344661822541202, 0.13433135229722348, 0.04771508035202817, 0.055588411921910684, 0.08138312732379037, 0.01916228222315347, 0.024607662810590222, 0.048324961551975285, 0.0, 0.06831189355449178], [0.02686162439242833, 0.026071317669041652, 0.025233355167321798, 0.030285345251458748, 0.04299644713229261, 0.07420332774882003, 0.08995367123692129, 0.04002009320328817, 0.022727133673210866, 0.02842008937353911, 0.05030611987622035, 0.04558800039484785, 0.0260523447313309, 0.06831189355449178, 0.0]], "list_address": ["603 \u0110\u01b0\u1eddng Tr\u1ea7n H\u01b0ng \u0110\u1ea1o, C\u1ea7u Kho, Qu\u1eadn 1, H\u1ed3 Ch\u00ed Minh, Vi\u1ec7t Nam", "TK51/10, B\u1ebfn Ch\u01b0\u01a1ng D\u01b0\u01a1ng, Ph\u01b0\u1eddng C\u1ea7u Kho, Qu\u1eadn 1, C\u1ea7u Kho, Qu\u1eadn 1, H\u1ed3 Ch\u00ed Minh, Vi\u1ec7t Nam", "225, Vo Van Kiet Street, Ward C\u00f4 Giang, District 1, C\u1ea7u Kho, Qu\u1eadn 1, H\u1ed3 Ch\u00ed Minh, Vi\u1ec7t Nam", "96 De Tham, Cau Ong Lanh ward, district 1, C\u1ea7u \u00d4ng L\u00e3nh, H\u1ed3 Ch\u00ed Minh, 700000, Vi\u1ec7t Nam", "133 Nguy\u1ec5n C\u01a1 Th\u1ea1ch, An L\u1ee3i \u0110\u00f4ng, H\u1ed3 Ch\u00ed Minh, Qu\u1eadn 2, Vi\u1ec7t Nam", "Ph\u01b0\u1eddng Th\u1ea1nh M\u1ef9 L\u1ee3i, Qu\u1eadn 2, H\u1ed3 Ch\u00ed Minh, Vi\u1ec7t Nam", "An Ph\u00fa, Qu\u1eadn 2, H\u1ed3 Ch\u00ed Minh, Vi\u1ec7t Nam", "B\u00e0n C\u1edd, Ph\u01b0\u1eddng 3, Qu\u1eadn 3, H\u1ed3 Ch\u00ed Minh, Vi\u1ec7t Nam", "Tp.HCM, 360B B\u1ebfn V\u00e2n \u0110\u1ed3n, Ph\u01b0\u1eddng 1, Qu\u1eadn 4, H\u1ed3 Ch\u00ed Minh, Vi\u1ec7t Nam", "460C, Nguy\u1ec5n T\u1ea5t Th\u00e0nh, Ph\u01b0\u1eddng 18, Qu\u1eadn 4, Th\u00e0nh Ph\u1ed1 H\u1ed3 Ch\u00ed Minh, Ph\u01b0\u1eddng 18, Qu\u1eadn 4, H\u1ed3 Ch\u00ed Minh, Vi\u1ec7t Nam", "79 D\u01b0\u01a1ng T\u1eed Giang, Ph\u01b0\u1eddng 15, Qu\u1eadn 5, H\u1ed3 Ch\u00ed Minh, Vi\u1ec7t Nam", "225 L\u01b0\u01a1ng Nh\u1eef H\u1ecdc, Ph\u01b0\u1eddng 12, Qu\u1eadn 5, H\u1ed3 Ch\u00ed Minh, Vi\u1ec7t Nam", "73/11 Nguy\u1ec5n Bi\u1ec3u, 11 H\u1ebbm 73 Nguy\u1ec5n Bi\u1ec3u, Ph\u01b0\u1eddng 1, Qu\u1eadn 5, H\u1ed3 Ch\u00ed Minh 700000, Vi\u1ec7t Nam", "458, H\u00f9ng V\u01b0\u01a1ng, Ph\u01b0\u1eddng 14, Qu\u1eadn 6, Ph\u01b0\u1eddng 14, Qu\u1eadn 6, H\u1ed3 Ch\u00ed Minh, Vi\u1ec7t Nam", "24 S\u1ed1 6, T\u00e2n H\u01b0ng, Qu\u1eadn 7, H\u1ed3 Ch\u00ed Minh, Vi\u1ec7t Nam"]}}
