{"log_key": 1, "dataset": {"list_points": [[6734.0, 1453.0], [2233.0, 10.0], [5530.0, 1424.0], [401.0, 841.0], [3082.0, 1644.0], [7608.0, 4458.0], [7573.0, 3716.0], [7265.0, 1268.0], [6898.0, 1885.0], [1112.0, 2049.0], [5468.0, 2606.0], [5989.0, 2873.0], [4706.0, 2674.0], [4612.0, 2035.0], [6347.0, 2683.0], [6107.0, 669.0], [7611.0, 5184.0], [7462.0, 3590.0], [7732.0, 4723.0], [5900.0, 3561.0], [4483.0, 3369.0], [6101.0, 1110.0], [5199.0, 2182.0], [1633.0, 2809.0], [4307.0, 2322.0], [675.0, 1006.0], [7555.0, 4819.0], [7541.0, 3981.0], [3177.0, 756.0], [7352.0, 4506.0], [7545.0, 2801.0], [3245.0, 3305.0], [6426.0, 3173.0], [4608.0, 1198.0], [23.0, 2216.0], [7248.0, 3779.0], [7762.0, 4595.0], [7392.0, 2244.0], [3484.0, 2829.0], [6271.0, 2135.0], [4985.0, 140.0], [1916.0, 1569.0], [7280.0, 4899.0], [7509.0, 3239.0], [10.0, 2676.0], [6807.0, 2993.0], [5185.0, 3258.0], [3023.0, 1942.0]], "distance_matrix": [[0.0, 4726.653149957166, 1204.3492018513568, 6362.502102160753, 3656.991249647721, 3129.520889848796, 2413.5223222502004, 562.3041881401916, 462.0822437618654, 5653.503338638795, 1712.356563336036, 1603.5663378856516, 2367.1977103740196, 2200.3654241966265, 1289.4452295464123, 1003.8849535678877, 3832.687046968484, 2257.5989457828864, 3418.9039179245738, 2266.984781598677, 2956.020466776237, 719.9569431570196, 1699.3133907552192, 5278.156591083671, 2577.884791840008, 6075.466237252907, 3464.6784843618607, 2653.682912482198, 3624.6459137410925, 3114.9210262862202, 1573.1576526209953, 3950.066455137179, 1747.3591502607585, 2141.2381931957034, 6754.234967781325, 2382.115026609756, 3305.89594512592, 1028.9047574970193, 3529.2883135272473, 824.3136538963794, 2187.0002286236736, 4819.396227744716, 3488.9872456058074, 1946.9003569777267, 6834.318181062395, 1541.7292239560097, 2378.534422706554, 3743.0792136955906], [4726.653149957166, 0.0, 3587.4231699090087, 2011.6622479929379, 1841.400825458705, 6976.770671306317, 6500.002769230179, 5186.866877027017, 5027.708225424383, 2326.8351896943627, 4147.82364620291, 4722.743376470926, 3634.91746811396, 3124.1424423351764, 4906.110985291711, 3929.6510023156, 7462.7850029328865, 6337.100362153025, 7242.331806814708, 5104.555808295174, 4042.9421217722124, 4021.3709105229277, 3676.2399268818135, 2862.58641790951, 3105.933032117724, 1849.1565644909574, 7172.8770378419285, 6629.004827272341, 1203.184108937614, 6813.088653466943, 6000.585388110064, 3446.9071644011533, 5252.220292409677, 2655.554367735671, 3122.584826710077, 6273.403063728649, 7182.761725130523, 5621.924670430937, 3084.1144596139748, 4563.010957690109, 2755.068783170395, 1590.9022597255935, 7026.701217498863, 6185.678378318744, 3471.2080029868566, 5460.747659432726, 4389.055479257468, 2087.276694643046], [1204.3492018513568, 3587.4231699090087, 0.0, 5162.02770236658, 2457.865740841025, 3677.3958176949077, 3070.3604022980753, 1741.999138920568, 1443.5875449725936, 4461.98935453683, 1183.6249405956264, 1519.9611837149, 1497.155970498732, 1102.7443039979848, 1500.8564221803497, 950.2389173255324, 4297.459831109536, 2902.4437979054824, 3966.38437370863, 2168.7943655404492, 2208.8988206796616, 651.6417727555531, 827.1184921158516, 4135.799076357554, 1517.2781551185662, 4872.961009488994, 3953.0557800263837, 3253.0554867693236, 2445.9830334652775, 3580.280435943531, 2440.564279014179, 2959.625989884533, 1965.1506303589047, 949.2944748601458, 5563.6600363429825, 2915.055574084309, 3877.7654648005723, 2034.562360803915, 2481.963134295109, 1026.938167564143, 1394.8766970596362, 3616.9076571015744, 3890.774344523208, 2685.2683292363913, 5660.203529909503, 2022.9903608272582, 1866.1674630107557, 2559.9556636785724], [6362.502102160753, 2011.6622479929379, 5162.02770236658, 0.0, 2798.672899786611, 8063.717380960223, 7726.785165901793, 6877.268716576371, 6580.34535567853, 1401.707886829492, 5365.604718948275, 5945.98755464557, 4678.986428704405, 4377.003198536642, 6224.77951416755, 5708.5917703055275, 8416.991683493574, 7577.250292817309, 8295.389382060375, 6134.93284396822, 4801.406877155903, 5706.343925842535, 4981.875650796595, 2321.8199757948505, 4177.3432944875385, 319.845275094068, 8185.609323685073, 7799.948717780137, 2777.3010279766218, 7858.02939673809, 7407.991360686107, 3762.9286466793387, 6460.561043748446, 4222.120083559917, 1426.011570780546, 7450.721642901444, 8262.979910419726, 7130.391994834506, 3668.3828862320247, 6010.934702689758, 4637.289833512674, 1680.835803997523, 7986.739322151438, 7501.604361734895, 1876.1945528116214, 6757.805856933151, 5359.901584917395, 2843.780054786235], [3656.991249647721, 1841.400825458705, 2457.865740841025, 2798.672899786611, 0.0, 5329.472018877667, 4945.9341888059935, 4199.86487877884, 3823.602620566107, 2011.1998906125666, 2572.6328925830053, 3156.119452745729, 1923.090221492481, 1579.1709850424684, 3426.331274118135, 3178.246371822046, 5748.342456743509, 4792.840076614282, 5576.983145034598, 3408.2272518128834, 2222.2569608395875, 3065.8631737244896, 2184.292333915037, 1859.2541515349642, 1400.1103527936646, 2490.119073458135, 5485.28522503616, 5034.307300910425, 893.0671867222533, 5140.422550724794, 4610.533374784311, 1668.9787296427717, 3676.979330918247, 1589.8402435465018, 3112.019440813312, 4681.215760889472, 5532.702865688704, 4351.562937612186, 1251.3308914911356, 3226.577443669995, 2425.5772508827667, 1168.4096028362655, 5312.083301304678, 4705.566278355879, 3240.7110330913492, 3961.745322455748, 2650.963032560054, 303.78446306550967], [3129.520889848796, 6976.770671306317, 3677.3958176949077, 8063.717380960223, 5329.472018877667, 0.0, 742.8250130414295, 3208.3872895895843, 2669.1626027651446, 6928.296832555603, 2830.1067117690104, 2265.697685040968, 3406.502605312375, 3853.173367498535, 2177.3254235414606, 4075.4781314589336, 726.006198320648, 880.193160618736, 292.5764857263823, 1929.2156437267452, 3309.3120130927514, 3671.5327861807255, 3314.129900894049, 6198.372850998881, 3931.805819213355, 7744.855905696374, 364.8698398059231, 481.6824680222439, 5773.9557497438445, 260.4611295375953, 1658.1972138439987, 4512.779409632161, 1745.9521757482362, 4430.304729925471, 7909.411419315599, 768.5317169772501, 206.11889772653063, 2224.511631796966, 4434.074537037013, 2680.279463041121, 5052.252270027695, 6383.195516353859, 549.6044031846907, 1223.0134913401405, 7804.173755113349, 1669.6784121500764, 2703.8729629921595, 5229.9599424852195], [2413.5223222502004, 6500.002769230179, 3070.3604022980753, 7726.785165901793, 4945.9341888059935, 742.8250130414295, 0.0, 2467.2997385806207, 1951.4574040957184, 6672.586455041253, 2379.7321277824526, 1794.3536440735422, 3050.484059948519, 3404.8908939935213, 1603.1734154482479, 3381.3259233620174, 1468.491743252239, 167.91962362987834, 1019.4753552685813, 1680.1648728621842, 3109.4226152133133, 2992.9951553585915, 2826.487572942786, 6008.8475600567535, 3551.055054487328, 7411.241731316015, 1103.1468623895914, 266.925083122587, 5299.661876006808, 820.3298117220902, 915.4283150525769, 4347.471103986776, 1269.0382184946204, 3889.92917673317, 7697.564549907977, 331.0498451895122, 899.0895394786884, 1483.0863090191347, 4184.099664204953, 2048.1125457357075, 4414.240591540067, 6050.723758361474, 1218.7444358847347, 481.27435003332556, 7634.171140339991, 1053.3209387456418, 2431.5238020632246, 4883.60276844872], [562.3041881401916, 5186.866877027017, 1741.999138920568, 6877.268716576371, 4199.86487877884, 3208.3872895895843, 2467.2997385806207, 0.0, 717.898321491282, 6202.3680961387645, 2240.413577891368, 2050.414836075861, 2919.814548905461, 2761.6476965753614, 1686.697661111795, 1303.7503595397395, 3931.255779010061, 2330.3418204203435, 3486.4185061463863, 2668.534054495089, 3486.219298896729, 1174.6744229785545, 2259.1485121611636, 5839.015756101366, 3140.1719698131183, 6595.20613779433, 3562.8220556182705, 2727.002933625118, 4119.9378636091105, 3239.1685661601496, 1558.3609979719076, 4506.63610689836, 2081.5729629297166, 2657.9219326383536, 7303.784498463793, 2511.0575461346957, 3363.917061997813, 984.228123963139, 4090.560108347022, 1318.9863532273562, 2543.773574829332, 5357.462272382327, 3631.030983068032, 1986.0455684600995, 7390.364605349319, 1784.7658109679264, 2878.62814548875, 4295.211287003237], [462.0822437618654, 5027.708225424383, 1443.5875449725936, 6580.34535567853, 3823.602620566107, 2669.1626027651446, 1951.4574040957184, 717.898321491282, 0.0, 5788.323764268893, 1601.4808771883604, 1342.544226459598, 2329.67487001942, 2290.9159740156338, 969.7448117932882, 1450.6333099718895, 3375.169625366998, 1795.8621884766103, 2958.0060851864387, 1950.6357937862208, 2834.5160080691026, 1111.6807095564805, 1724.7637519382183, 5345.465461491637, 2627.5939564552205, 6284.772867813124, 3006.660107162098, 2192.4107735549924, 3888.5063970630163, 2660.0295111144915, 1121.456642050864, 3919.2867973650514, 1371.760912112603, 2390.830190540516, 6882.963460603289, 1926.0674962212513, 2844.3972999565303, 610.6693049433547, 3542.108411666701, 675.0029629564599, 2589.323077562937, 4992.011618576223, 3038.1112553690327, 1485.4753447970788, 6933.269430795258, 1111.7306328423267, 2195.3355096658915, 3875.4192031314496], [5653.503338638795, 2326.8351896943627, 4461.98935453683, 1401.707886829492, 2011.1998906125666, 6928.296832555603, 6672.586455041253, 6202.3680961387645, 5788.323764268893, 0.0, 4391.46729465221, 4946.120196679413, 3647.9392812929327, 3500.027999888001, 5273.251463755545, 5182.12552916272, 7215.6237429622115, 6534.307997026158, 7139.655173746139, 5021.064428983162, 3620.2266503632063, 5076.597482566448, 4089.1634841370674, 921.4342081776647, 3206.6421689985928, 1130.8483541129642, 7013.212459351278, 6713.022046738712, 2436.4059596052543, 6706.299202988188, 6476.804227394866, 2475.3232112190926, 5431.571779881032, 3598.0851852061537, 1101.7304570538113, 6375.217329628849, 7120.717379590345, 6283.026738762139, 2496.9549455286533, 5159.71675579193, 4317.917322043117, 936.3845363951714, 6794.609922578337, 6506.743348250337, 1267.8852471734183, 5772.708289875733, 4248.648020253031, 1913.9932079294326], [1712.356563336036, 4147.82364620291, 1183.6249405956264, 5365.604718948275, 2572.6328925830053, 2830.1067117690104, 2379.7321277824526, 2240.413577891368, 1601.4808771883604, 4391.46729465221, 0.0, 585.4314648188974, 765.0281040589293, 1028.9689013765187, 882.366137156226, 2039.6788962971598, 3352.392131001384, 2223.5763985075932, 3099.578197110052, 1048.1645863126648, 1245.9510423768663, 1624.409123343008, 502.1324526457138, 3840.3689926880725, 1195.2309400279094, 5053.003958043176, 3041.8642310267564, 2487.559848526262, 2944.6869103522704, 2675.7159789484385, 2086.1337445139993, 2330.3068467478697, 1113.2174091344423, 1649.8678734977539, 5458.949074684614, 2131.7431834064814, 3036.207667469404, 1957.7589228503084, 1996.4931755455614, 930.9403847723011, 2512.855944935961, 3700.2801245311143, 2922.5319502102966, 2136.9066427899934, 5458.448863917294, 1393.8041469302636, 710.769301531798, 2533.5589592508004], [1603.5663378856516, 4722.743376470926, 1519.9611837149, 5945.98755464557, 3156.119452745729, 2265.697685040968, 1794.3536440735422, 2050.414836075861, 1342.544226459598, 4946.120196679413, 585.4314648188974, 0.0, 1298.3412494409934, 1611.9469594251543, 405.2949543233915, 2207.1565417976135, 2823.403088473199, 1638.2362466994803, 2541.761003713764, 693.7326574408905, 1585.5762359470452, 1766.553990117483, 1049.5622897189094, 4356.47013073658, 1769.950564281387, 5632.431535314034, 2497.8534784890808, 1906.9263226459484, 3519.805818507606, 2127.077337569088, 1557.6649190374674, 2777.797688817528, 530.0650903426862, 2170.89520705169, 6002.066727386493, 1551.1018664162582, 2471.6013027994622, 1537.5467472568112, 2505.3863973447287, 790.0430368024264, 2911.5811855416296, 4276.651143125892, 2402.3648765331213, 1563.4436350569215, 5982.244562035224, 826.755102796469, 891.4263850705789, 3108.684126764892], [2367.1977103740196, 3634.91746811396, 1497.155970498732, 4678.986428704405, 1923.090221492481, 3406.502605312375, 3050.484059948519, 2919.814548905461, 2329.67487001942, 3647.9392812929327, 765.0281040589293, 1298.3412494409934, 0.0, 645.8769232601518, 1641.0246798875392, 2445.981602547329, 3839.1568084671926, 2904.2369049373365, 3654.459878012071, 1487.415543820892, 729.8999931497465, 2095.738771889283, 696.5005384061092, 3075.963913962581, 532.0761223734814, 4362.47464176011, 3566.2061073359177, 3121.774175048541, 2452.8687286522286, 3218.313222792337, 2841.839193198658, 1591.440228220966, 1790.9218296731992, 1479.2498098698543, 4705.343026815367, 2771.784443278373, 3609.622833482745, 2720.2014631273178, 1231.7909725274008, 1655.2178104406682, 2549.3130447240096, 3000.854045101161, 3402.3669702135307, 2859.3765054640844, 4696.000425894359, 2125.079292638277, 755.3125181009514, 1835.296433822068], [2200.3654241966265, 3124.1424423351764, 1102.7443039979848, 4377.003198536642, 1579.1709850424684, 3853.173367498535, 3404.8908939935213, 2761.6476965753614, 2290.9159740156338, 3500.027999888001, 1028.9689013765187, 1611.9469594251543, 645.8769232601518, 0.0, 1852.0607441442087, 2025.0878993268416, 4348.58620703327, 3246.6174705376056, 4118.220975129916, 1996.9026015306806, 1340.2227426812306, 1752.9249841336623, 605.1264330699825, 3077.907893358734, 418.8006685763527, 4069.2517739751615, 4051.1609447169585, 3516.526268919372, 1922.2554460841045, 3689.6396843052303, 3031.376749927333, 1865.9016587162357, 2141.410749949668, 837.00955789047, 4592.568126876291, 3160.701188027745, 4059.0762495917716, 2787.845225259107, 1379.427417445369, 1662.0111311299934, 1931.3606602600148, 2735.977339087442, 3914.1691327790118, 3137.2320602722393, 4646.427121993845, 2394.9507301821473, 1350.576913766854, 1591.719196340862], [1289.4452295464123, 4906.110985291711, 1500.8564221803497, 6224.77951416755, 3426.331274118135, 2177.3254235414606, 1603.1734154482479, 1686.697661111795, 969.7448117932882, 5273.251463755545, 882.366137156226, 405.2949543233915, 1641.0246798875392, 1852.0607441442087, 0.0, 2028.249491556697, 2802.26640418073, 1437.3148576425417, 2465.730114996368, 985.2375348107684, 1986.225566243673, 1592.1196563072765, 1252.5593798299544, 4715.683619582637, 2071.6951995889744, 5914.720027186409, 2453.9274642906626, 1763.6439549977201, 3709.747835096073, 2081.6709634329823, 1203.797325134094, 3163.7458810719927, 496.32751283804527, 2286.7763336190096, 6341.2195199346315, 1418.8083027667974, 2378.6485658877814, 1133.4663647413627, 2866.7202514371716, 553.2449728646434, 2884.7691415432187, 4568.890127810036, 2404.4011728494893, 1288.1692435390623, 6337.003866181557, 554.7071299343465, 1296.483320370918, 3405.5920190181323], [1003.8849535678877, 3929.6510023156, 950.2389173255324, 5708.5917703055275, 3178.246371822046, 4075.4781314589336, 3381.3259233620174, 1303.7503595397395, 1450.6333099718895, 5182.12552916272, 2039.6788962971598, 2207.1565417976135, 2445.981602547329, 2025.0878993268416, 2028.249491556697, 0.0, 4758.911745346829, 3219.9791924793553, 4367.555494781949, 2899.398730771606, 3150.773873193695, 441.0408144378477, 1764.548950865348, 4959.463277412184, 2443.8512638865727, 5442.443660709773, 4395.361646099215, 3609.11346455054, 2931.291353652857, 4033.93034149079, 2571.6275002418215, 3890.956180683612, 2524.2379047942372, 1589.6043532904657, 6277.6002580604, 3312.6999562290575, 4260.575195909585, 2032.695255073913, 3397.9006754171023, 1475.144738661261, 1240.4535460870754, 4286.54651205373, 4389.627432937788, 2927.5423139555132, 6418.8361873473605, 2427.1332884701656, 2748.2730941447576, 3336.4030032356704], [3832.687046968484, 7462.7850029328865, 4297.459831109536, 8416.991683493574, 5748.342456743509, 726.006198320648, 1468.491743252239, 3931.255779010061, 3375.169625366998, 7215.6237429622115, 3352.392131001384, 2823.403088473199, 3839.1568084671926, 4348.58620703327, 2802.26640418073, 4758.911745346829, 0.0, 1600.948781191953, 476.615148731133, 2358.315076489993, 3616.4359527026054, 4344.833253417212, 3850.941183658873, 6432.504100270749, 4371.208071002798, 8097.146410927741, 369.2709032675063, 1205.0348542677095, 6266.381731110865, 725.7857810676646, 2383.9137987771287, 4753.167049452396, 2334.169231225534, 4990.611685955941, 8147.807557864876, 1451.1354175265656, 608.0476954976476, 2948.1453491983734, 4751.647503761195, 3330.465583067929, 5686.634505575332, 6745.461437144238, 436.790567663726, 1947.6727137791913, 8004.078023107971, 2333.8588217799293, 3097.571952352358, 5617.856174734273], [2257.5989457828864, 6337.100362153025, 2902.4437979054824, 7577.250292817309, 4792.840076614282, 880.193160618736, 167.91962362987834, 2330.3418204203435, 1795.8621884766103, 6534.307997026158, 2223.5763985075932, 1638.2362466994803, 2904.2369049373365, 3246.6174705376056, 1437.3148576425417, 3219.9791924793553, 1600.948781191953, 0.0, 1164.7270066414706, 1562.2691829515168, 2987.1863015218855, 2828.908093240217, 2665.264152011954, 5881.088504690267, 3400.271900892633, 7262.260323067468, 1232.5136916075212, 398.9009902218845, 5137.39048545076, 922.5811617413397, 793.3536411966608, 4226.619689539148, 1116.7743729151382, 3723.8394165162385, 7564.826303359516, 285.5118211212979, 1048.8207663848004, 1347.818978943389, 4050.1364174555897, 1880.2941259281752, 4247.120083068055, 5902.7584229748045, 1321.5918431951675, 354.13274347340433, 7507.842566276946, 886.2471438599957, 2301.076487212018, 4735.04223845997], [3418.9039179245738, 7242.331806814708, 3966.38437370863, 8295.389382060375, 5576.983145034598, 292.5764857263823, 1019.4753552685813, 3486.4185061463863, 2958.0060851864387, 7139.655173746139, 3099.578197110052, 2541.761003713764, 3654.459878012071, 4118.220975129916, 2465.730114996368, 4367.555494781949, 476.615148731133, 1164.7270066414706, 0.0, 2169.4395589644805, 3519.846161411035, 3964.07996892091, 3587.864267220821, 6392.2763551023045, 4182.7533993770185, 7976.047768161873, 201.357890334598, 766.1886190749639, 6040.29088703516, 437.59456120934595, 1931.0756070128377, 4705.7298052480655, 2026.8537194380851, 4710.095646587232, 8106.400557584112, 1060.844946257463, 131.46862743635836, 2502.207225631003, 4651.100944937661, 2971.9126837779068, 5343.210458142184, 6616.1599134241005, 485.05669771687514, 1500.6615207967452, 7988.710346482716, 1961.7657862242372, 2938.2705797798812, 5468.879409897424], [2266.984781598677, 5104.555808295174, 2168.7943655404492, 6134.93284396822, 3408.2272518128834, 1929.2156437267452, 1680.1648728621842, 2668.534054495089, 1950.6357937862208, 5021.064428983162, 1048.1645863126648, 693.7326574408905, 1487.415543820892, 1996.9026015306806, 985.2375348107684, 2899.398730771606, 2358.315076489993, 1562.2691829515168, 2169.4395589644805, 0.0, 1429.9486004748562, 2459.2279276228137, 1546.9460236220268, 4332.758128490443, 2018.1105024254741, 5816.2401944899075, 2078.8431879292866, 1693.8952151771373, 3909.3163085122696, 1732.4344143430076, 1812.077536972411, 2667.3134423985493, 653.6206851071958, 2693.1455586358493, 6028.943025108132, 1365.5138227055777, 2129.835674412465, 1990.113815840692, 2524.4563771235976, 1473.471071992932, 3541.252038474528, 4454.247411179581, 1922.1456760610004, 1640.9037144208066, 5956.116603962686, 1070.1742848713943, 776.5526382673618, 3301.2558216533293], [2956.020466776237, 4042.9421217722124, 2208.8988206796616, 4801.406877155903, 2222.2569608395875, 3309.3120130927514, 3109.4226152133133, 3486.219298896729, 2834.5160080691026, 3620.2266503632063, 1245.9510423768663, 1585.5762359470452, 729.8999931497465, 1340.2227426812306, 1986.225566243673, 3150.773873193695, 3616.4359527026054, 2987.1863015218855, 3519.846161411035, 1429.9486004748562, 0.0, 2778.6696457117746, 1386.2268934052606, 2904.4965140278614, 1061.6896910114556, 4481.5882229406125, 3397.0110391342564, 3118.638805632996, 2921.1992400382414, 3086.0865185538787, 3114.2363429900433, 1239.6531773040394, 1952.8607221202437, 2174.5955945876467, 4606.626639961177, 2795.232548465333, 3500.7023580990144, 3118.9591212454197, 1135.606005619907, 2172.4870540465827, 3267.7890078767327, 3135.2015884150096, 3188.119978921747, 3028.7911780114523, 4526.364766564887, 2354.2200406928832, 710.721464428928, 2041.5506361587018], [719.9569431570196, 4021.3709105229277, 651.6417727555531, 5706.343925842535, 3065.8631737244896, 3671.5327861807255, 2992.9951553585915, 1174.6744229785545, 1111.6807095564805, 5076.597482566448, 1624.409123343008, 1766.553990117483, 2095.738771889283, 1752.9249841336623, 1592.1196563072765, 441.0408144378477, 4344.833253417212, 2828.908093240217, 3964.07996892091, 2459.2279276228137, 2778.6696457117746, 0.0, 1400.9953604491343, 4780.128136357853, 2165.0357964708114, 5426.996591117411, 3983.8168883622147, 3211.8905647608854, 2945.350912879482, 3619.090631636627, 2223.6494777729695, 3602.049555461446, 2088.4429606766857, 1495.5911874573212, 6177.808672984297, 2905.0249568635377, 3860.588815193869, 1718.323892634913, 3131.078089093276, 1039.0019249260322, 1478.6331526108834, 4210.09572337732, 3968.193795670771, 2552.4703720121806, 6289.088725721716, 2011.0009945298386, 2335.1573822764067, 3188.4648343677873], [1699.3133907552192, 3676.2399268818135, 827.1184921158516, 4981.875650796595, 2184.292333915037, 3314.129900894049, 2826.487572942786, 2259.1485121611636, 1724.7637519382183, 4089.1634841370674, 502.1324526457138, 1049.5622897189094, 696.5005384061092, 605.1264330699825, 1252.5593798299544, 1764.548950865348, 3850.941183658873, 2665.264152011954, 3587.864267220821, 1546.9460236220268, 1386.2268934052606, 1400.9953604491343, 0.0, 3620.702279945149, 902.9197085012598, 4674.3504361568785, 3536.1709517499294, 2953.195726666284, 2474.2594851793538, 3168.0254102516287, 2426.2887297269467, 2253.7180391521915, 1577.2159015176078, 1147.8401456648917, 5176.111668038085, 2597.847185651997, 3520.1616440157973, 2193.876249928423, 1832.9849972108336, 1073.0298225119375, 2053.1828949219307, 3339.7392113756428, 3422.3749064063686, 2540.3442680077833, 5212.461702497199, 1800.9400323164566, 1076.0910742125873, 2189.19528594413], [5278.156591083671, 2862.58641790951, 4135.799076357554, 2321.8199757948505, 1859.2541515349642, 6198.372850998881, 6008.8475600567535, 5839.015756101366, 5345.465461491637, 921.4342081776647, 3840.3689926880725, 4356.47013073658, 3075.963913962581, 3077.907893358734, 4715.683619582637, 4959.463277412184, 6432.504100270749, 5881.088504690267, 6392.2763551023045, 4332.758128490443, 2904.4965140278614, 4780.128136357853, 3620.702279945149, 0.0, 2717.9854672164824, 2041.7083533159187, 6253.813556542919, 6023.126098630179, 2568.802250076872, 5965.464776528313, 5912.0054127174135, 1686.582343083195, 4806.801951401784, 3383.1857767494826, 1715.735702257198, 5698.1685654252105, 6383.92019060389, 5786.648943905272, 1851.1080465494174, 4686.717401337529, 4284.79462751717, 1271.8840355944405, 6021.354415744019, 5891.712484498883, 1628.4403581341257, 5177.2707095534415, 3580.2660515665593, 1638.227395693284], [2577.884791840008, 3105.933032117724, 1517.2781551185662, 4177.3432944875385, 1400.1103527936646, 3931.805819213355, 3551.055054487328, 3140.1719698131183, 2627.5939564552205, 3206.6421689985928, 1195.2309400279094, 1769.950564281387, 532.0761223734814, 418.8006685763527, 2071.6951995889744, 2443.8512638865727, 4371.208071002798, 3400.271900892633, 4182.7533993770185, 2018.1105024254741, 1061.6896910114556, 2165.0357964708114, 902.9197085012598, 2717.9854672164824, 0.0, 3863.0661397392614, 4096.890650237079, 3634.6990246786595, 1931.128167678158, 3747.249791513771, 3273.237693782717, 1447.1119514398324, 2283.497755637172, 1163.6051735876736, 4285.311190567145, 3282.122788684177, 4135.644327066823, 3085.985904050762, 966.632298239615, 1972.882409065477, 2284.9087509132614, 2506.768836570297, 3934.419652248601, 3330.7195919200403, 4311.557143306813, 2588.4823739017424, 1283.3471860724205, 1339.0504098053964], [6075.466237252907, 1849.1565644909574, 4872.961009488994, 319.845275094068, 2490.119073458135, 7744.855905696374, 7411.241731316015, 6595.20613779433, 6284.772867813124, 1130.8483541129642, 5053.003958043176, 5632.431535314034, 4362.47464176011, 4069.2517739751615, 5914.720027186409, 5442.443660709773, 8097.146410927741, 7262.260323067468, 7976.047768161873, 5816.2401944899075, 4481.5882229406125, 5426.996591117411, 4674.3504361568785, 2041.7083533159187, 3863.0661397392614, 0.0, 7865.9626874273945, 7482.819054340416, 2514.4589875358874, 7538.721973915738, 7100.6284933095885, 3448.2315757500974, 6145.721275814581, 3937.6837100000807, 1374.4831755972862, 7133.993131479732, 7943.959340278625, 6830.134186090344, 3348.70273389562, 5708.752665863183, 4396.141035044258, 1362.736218055424, 7666.907720848087, 7189.565007703874, 1797.5330316853708, 6445.897377402157, 5040.992362620677, 2527.6866894455097], [3464.6784843618607, 7172.8770378419285, 3953.0557800263837, 8185.609323685073, 5485.28522503616, 364.8698398059231, 1103.1468623895914, 3562.8220556182705, 3006.660107162098, 7013.212459351278, 3041.8642310267564, 2497.8534784890808, 3566.2061073359177, 4051.1609447169585, 2453.9274642906626, 4395.361646099215, 369.2709032675063, 1232.5136916075212, 201.357890334598, 2078.8431879292866, 3397.0110391342564, 3983.8168883622147, 3536.1709517499294, 6253.813556542919, 4096.890650237079, 7865.9626874273945, 0.0, 838.1169369485382, 5972.842957922132, 373.06567786383135, 2018.0247768548334, 4568.1830085932415, 1995.985220386163, 4668.666833261932, 7969.104905822234, 1084.3657132167173, 305.0, 2580.153871380542, 4531.350902324824, 2975.3171259548117, 5338.346279513909, 6508.51910959782, 286.40006983239374, 1580.669478417294, 7843.435089296016, 1973.2663276912217, 2837.8902374827676, 5368.067901955042], [2653.682912482198, 6629.004827272341, 3253.0554867693236, 7799.948717780137, 5034.307300910425, 481.6824680222439, 266.925083122587, 2727.002933625118, 2192.4107735549924, 6713.022046738712, 2487.559848526262, 1906.9263226459484, 3121.774175048541, 3516.526268919372, 1763.6439549977201, 3609.11346455054, 1205.0348542677095, 398.9009902218845, 766.1886190749639, 1693.8952151771373, 3118.638805632996, 3211.8905647608854, 2953.195726666284, 6023.126098630179, 3634.6990246786595, 7482.819054340416, 838.1169369485382, 0.0, 5426.33587239124, 557.9838707346297, 1180.0067796415408, 4348.861000308012, 1376.9854755951494, 4043.2138207124294, 7722.4056485009905, 355.88340787398334, 652.5618744609587, 1743.378903164771, 4217.38698722325, 2240.673113151492, 4613.720516026085, 6120.324256115848, 954.3819989920179, 742.689706405037, 7643.231384695873, 1230.8127396155762, 2464.4400986836745, 4956.797857488239], [3624.6459137410925, 1203.184108937614, 2445.9830334652775, 2777.3010279766218, 893.0671867222533, 5773.9557497438445, 5299.661876006808, 4119.9378636091105, 3888.5063970630163, 2436.4059596052543, 2944.6869103522704, 3519.805818507606, 2452.8687286522286, 1922.2554460841045, 3709.747835096073, 2931.291353652857, 6266.381731110865, 5137.39048545076, 6040.29088703516, 3909.3163085122696, 2921.1992400382414, 2945.350912879482, 2474.2594851793538, 2568.802250076872, 1931.128167678158, 2514.4589875358874, 5972.842957922132, 5426.33587239124, 0.0, 5611.87357305918, 4823.0124403737545, 2549.906861044144, 4049.430824202335, 1497.7065800750158, 3475.53103856087, 5070.657748261067, 5979.978762504094, 4469.9406036322225, 2095.609219296384, 3387.3997402137234, 1910.0575907547918, 1500.363289340285, 5830.871118452199, 4993.146603095086, 3703.5508636982427, 4263.926476852058, 3208.1253092733145, 1195.9565209488178], [3114.9210262862202, 6813.088653466943, 3580.280435943531, 7858.02939673809, 5140.422550724794, 260.4611295375953, 820.3298117220902, 3239.1685661601496, 2660.0295111144915, 6706.299202988188, 2675.7159789484385, 2127.077337569088, 3218.313222792337, 3689.6396843052303, 2081.6709634329823, 4033.93034149079, 725.7857810676646, 922.5811617413397, 437.59456120934595, 1732.4344143430076, 3086.0865185538787, 3619.090631636627, 3168.0254102516287, 5965.464776528313, 3747.249791513771, 7538.721973915738, 373.06567786383135, 557.9838707346297, 5611.87357305918, 0.0, 1715.888691028646, 4279.001051647452, 1623.0727032391371, 4297.953001139031, 7678.4334990934185, 734.4011165568854, 419.54856691448725, 2262.3536416749703, 4215.892906609464, 2605.801604113406, 4966.351276339603, 6178.67825671478, 399.5409866334116, 1276.6902521755228, 7566.62831120969, 1608.1647925508132, 2500.678507925399, 5031.335508590139], [1573.1576526209953, 6000.585388110064, 2440.564279014179, 7407.991360686107, 4610.533374784311, 1658.1972138439987, 915.4283150525769, 1558.3609979719076, 1121.456642050864, 6476.804227394866, 2086.1337445139993, 1557.6649190374674, 2841.839193198658, 3031.376749927333, 1203.797325134094, 2571.6275002418215, 2383.9137987771287, 793.3536411966608, 1931.0756070128377, 1812.077536972411, 3114.2363429900433, 2223.6494777729695, 2426.2887297269467, 5912.0054127174135, 3273.237693782717, 7100.6284933095885, 2018.0247768548334, 1180.0067796415408, 4823.0124403737545, 1715.888691028646, 0.0, 4329.435990980812, 1179.213721087064, 3345.9793782986767, 7544.713977348644, 1022.1022453746983, 1807.0763680597454, 577.6313703392502, 4061.0965268015975, 1437.578519594669, 3692.4952268080183, 5762.244788274792, 2114.66995060695, 439.4769618535197, 7536.036756810572, 762.5667183925614, 2403.840468916355, 4602.864868752938], [3950.066455137179, 3446.9071644011533, 2959.625989884533, 3762.9286466793387, 1668.9787296427717, 4512.779409632161, 4347.471103986776, 4506.63610689836, 3919.2867973650514, 2475.3232112190926, 2330.3068467478697, 2777.797688817528, 1591.440228220966, 1865.9016587162357, 3163.7458810719927, 3890.956180683612, 4753.167049452396, 4226.619689539148, 4705.7298052480655, 2667.3134423985493, 1239.6531773040394, 3602.049555461446, 2253.7180391521915, 1686.582343083195, 1447.1119514398324, 3448.2315757500974, 4568.1830085932415, 4348.861000308012, 2549.906861044144, 4279.001051647452, 4329.435990980812, 0.0, 3183.737583407276, 2509.425830742961, 3401.05939377718, 4030.9657651734033, 4697.593958613282, 4280.575895834578, 532.6321432283261, 3244.3144113972676, 3611.7620353506127, 2186.306703095428, 4338.43992697836, 4264.510757402307, 3295.5828012659613, 3575.638124866665, 1940.5692463810715, 1380.9608973464817], [1747.3591502607585, 5252.220292409677, 1965.1506303589047, 6460.561043748446, 3676.979330918247, 1745.9521757482362, 1269.0382184946204, 2081.5729629297166, 1371.760912112603, 5431.571779881032, 1113.2174091344423, 530.0650903426862, 1790.9218296731992, 2141.410749949668, 496.32751283804527, 2524.2379047942372, 2334.169231225534, 1116.7743729151382, 2026.8537194380851, 653.6206851071958, 1952.8607221202437, 2088.4429606766857, 1577.2159015176078, 4806.801951401784, 2283.497755637172, 6145.721275814581, 1995.985220386163, 1376.9854755951494, 4049.430824202335, 1623.0727032391371, 1179.213721087064, 3183.737583407276, 0.0, 2684.3526221418824, 6474.1221798789065, 1021.2345470067099, 1951.1483798009826, 1340.2227426812306, 2962.0432137293337, 1049.5089327871392, 3357.911553331922, 4786.743778394662, 1925.7185671847276, 1085.0092165507167, 6435.2206644372345, 421.37987612129746, 1243.9075528350168, 3618.8078147367814], [2141.2381931957034, 2655.554367735671, 949.2944748601458, 4222.120083559917, 1589.8402435465018, 4430.304729925471, 3889.92917673317, 2657.9219326383536, 2390.830190540516, 3598.0851852061537, 1649.8678734977539, 2170.89520705169, 1479.2498098698543, 837.00955789047, 2286.7763336190096, 1589.6043532904657, 4990.611685955941, 3723.8394165162385, 4710.095646587232, 2693.1455586358493, 2174.5955945876467, 1495.5911874573212, 1147.8401456648917, 3383.1857767494826, 1163.6051735876736, 3937.6837100000807, 4668.666833261932, 4043.2138207124294, 1497.7065800750158, 4297.953001139031, 3345.9793782986767, 2509.425830742961, 2684.3526221418824, 0.0, 4696.652957160024, 3692.0402218827467, 4635.442265846917, 2974.0161398351556, 1980.7920133118469, 1908.8053855749674, 1123.162054202331, 2717.4445716518303, 4564.754648390207, 3547.038483016501, 4829.70889391897, 2838.5957796065295, 2139.282356305497, 1750.9314663915318], [6754.234967781325, 3122.584826710077, 5563.6600363429825, 1426.011570780546, 3112.019440813312, 7909.411419315599, 7697.564549907977, 7303.784498463793, 6882.963460603289, 1101.7304570538113, 5458.949074684614, 6002.066727386493, 4705.343026815367, 4592.568126876291, 6341.2195199346315, 6277.6002580604, 8147.807557864876, 7564.826303359516, 8106.400557584112, 6028.943025108132, 4606.626639961177, 6177.808672984297, 5176.111668038085, 1715.735702257198, 4285.311190567145, 1374.4831755972862, 7969.104905822234, 7722.4056485009905, 3475.53103856087, 7678.4334990934185, 7544.713977348644, 3401.05939377718, 6474.1221798789065, 4696.652957160024, 0.0, 7392.130545384057, 8096.404263622216, 7369.053195628323, 3514.8669960611596, 6248.525025956125, 5378.7749534629165, 2000.5144338394562, 7737.088470477767, 7555.575755691952, 460.1836589884521, 6828.351558026286, 5266.118874465331, 3012.48668046848], [2382.115026609756, 6273.403063728649, 2915.055574084309, 7450.721642901444, 4681.215760889472, 768.5317169772501, 331.0498451895122, 2511.0575461346957, 1926.0674962212513, 6375.217329628849, 2131.7431834064814, 1551.1018664162582, 2771.784443278373, 3160.701188027745, 1418.8083027667974, 3312.6999562290575, 1451.1354175265656, 285.5118211212979, 1060.844946257463, 1365.5138227055777, 2795.232548465333, 2905.0249568635377, 2597.847185651997, 5698.1685654252105, 3282.122788684177, 7133.993131479732, 1084.3657132167173, 355.88340787398334, 5070.657748261067, 734.4011165568854, 1022.1022453746983, 4030.9657651734033, 1021.2345470067099, 3692.0402218827467, 7392.130545384057, 0.0, 964.3920364664984, 1541.7396018783456, 3882.035033329813, 1912.397709682795, 4285.264285898829, 5771.856200564945, 1120.4570496007423, 599.7674549356609, 7321.560830861135, 901.2641122334784, 2127.771134309327, 4607.080854510804], [3305.89594512592, 7182.761725130523, 3877.7654648005723, 8262.979910419726, 5532.702865688704, 206.11889772653063, 899.0895394786884, 3363.917061997813, 2844.3972999565303, 7120.717379590345, 3036.207667469404, 2471.6013027994622, 3609.622833482745, 4059.0762495917716, 2378.6485658877814, 4260.575195909585, 608.0476954976476, 1048.8207663848004, 131.46862743635836, 2129.835674412465, 3500.7023580990144, 3860.588815193869, 3520.1616440157973, 6383.92019060389, 4135.644327066823, 7943.959340278625, 305.0, 652.5618744609587, 5979.978762504094, 419.54856691448725, 1807.0763680597454, 4697.593958613282, 1951.1483798009826, 4635.442265846917, 8096.404263622216, 964.3920364664984, 0.0, 2379.9371840449908, 4628.178907518593, 2876.574525368672, 5249.6432259726, 6582.734386256216, 569.8596318392803, 1379.4002319849014, 7985.991798142545, 1865.0546908871063, 2903.1875585294174, 5431.070796813461], [1028.9047574970193, 5621.924670430937, 2034.562360803915, 7130.391994834506, 4351.562937612186, 2224.511631796966, 1483.0863090191347, 984.228123963139, 610.6693049433547, 6283.026738762139, 1957.7589228503084, 1537.5467472568112, 2720.2014631273178, 2787.845225259107, 1133.4663647413627, 2032.695255073913, 2948.1453491983734, 1347.818978943389, 2502.207225631003, 1990.113815840692, 3118.9591212454197, 1718.323892634913, 2193.876249928423, 5786.648943905272, 3085.985904050762, 6830.134186090344, 2580.153871380542, 1743.378903164771, 4469.9406036322225, 2262.3536416749703, 577.6313703392502, 4280.575895834578, 1340.2227426812306, 2974.0161398351556, 7369.053195628323, 1541.7396018783456, 2379.9371840449908, 0.0, 3951.5426101713747, 1126.286819597921, 3196.946199109394, 5517.44515151714, 2657.3612851849857, 1001.8552789699718, 7394.62967294509, 950.3820284496124, 2428.794968703616, 4379.425190592939], [3529.2883135272473, 3084.1144596139748, 2481.963134295109, 3668.3828862320247, 1251.3308914911356, 4434.074537037013, 4184.099664204953, 4090.560108347022, 3542.108411666701, 2496.9549455286533, 1996.4931755455614, 2505.3863973447287, 1231.7909725274008, 1379.427417445369, 2866.7202514371716, 3397.9006754171023, 4751.647503761195, 4050.1364174555897, 4651.100944937661, 2524.4563771235976, 1135.606005619907, 3131.078089093276, 1832.9849972108336, 1851.1080465494174, 966.632298239615, 3348.70273389562, 4531.350902324824, 4217.38698722325, 2095.609219296384, 4215.892906609464, 4061.0965268015975, 532.6321432283261, 2962.0432137293337, 1980.7920133118469, 3514.8669960611596, 3882.035033329813, 4628.178907518593, 3951.5426101713747, 0.0, 2872.1081107785617, 3079.565229054257, 2011.5228062341228, 4323.715531808261, 4045.8280981771827, 3477.367538814383, 3327.0444842231973, 1754.263948213039, 999.6449369651207], [824.3136538963794, 4563.010957690109, 1026.938167564143, 6010.934702689758, 3226.577443669995, 2680.279463041121, 2048.1125457357075, 1318.9863532273562, 675.0029629564599, 5159.71675579193, 930.9403847723011, 790.0430368024264, 1655.2178104406682, 1662.0111311299934, 553.2449728646434, 1475.144738661261, 3330.465583067929, 1880.2941259281752, 2971.9126837779068, 1473.471071992932, 2172.4870540465827, 1039.0019249260322, 1073.0298225119375, 4686.717401337529, 1972.882409065477, 5708.752665863183, 2975.3171259548117, 2240.673113151492, 3387.3997402137234, 2605.801604113406, 1437.578519594669, 3244.3144113972676, 1049.5089327871392, 1908.8053855749674, 6248.525025956125, 1912.397709682795, 2876.574525368672, 1126.286819597921, 2872.1081107785617, 0.0, 2373.567146722418, 4391.626236373037, 2942.410066595069, 1658.7525433288715, 6284.329876764905, 1011.6619988909339, 1562.2179745477263, 3253.7290913657826], [2187.0002286236736, 2755.068783170395, 1394.8766970596362, 4637.289833512674, 2425.5772508827667, 5052.252270027695, 4414.240591540067, 2543.773574829332, 2589.323077562937, 4317.917322043117, 2512.855944935961, 2911.5811855416296, 2549.3130447240096, 1931.3606602600148, 2884.7691415432187, 1240.4535460870754, 5686.634505575332, 4247.120083068055, 5343.210458142184, 3541.252038474528, 3267.7890078767327, 1478.6331526108834, 2053.1828949219307, 4284.79462751717, 2284.9087509132614, 4396.141035044258, 5338.346279513909, 4613.720516026085, 1910.0575907547918, 4966.351276339603, 3692.4952268080183, 3611.7620353506127, 3357.911553331922, 1123.162054202331, 5378.7749534629165, 4285.264285898829, 5249.6432259726, 3196.946199109394, 3079.565229054257, 2373.567146722418, 0.0, 3385.3806285261335, 5283.474803573875, 3996.7958416711754, 5584.07745290124, 3385.1577511247538, 3124.4077838848116, 2663.953453046806], [4819.396227744716, 1590.9022597255935, 3616.9076571015744, 1680.835803997523, 1168.4096028362655, 6383.195516353859, 6050.723758361474, 5357.462272382327, 4992.011618576223, 936.3845363951714, 3700.2801245311143, 4276.651143125892, 3000.854045101161, 2735.977339087442, 4568.890127810036, 4286.54651205373, 6745.461437144238, 5902.7584229748045, 6616.1599134241005, 4454.247411179581, 3135.2015884150096, 4210.09572337732, 3339.7392113756428, 1271.8840355944405, 2506.768836570297, 1362.736218055424, 6508.51910959782, 6120.324256115848, 1500.363289340285, 6178.67825671478, 5762.244788274792, 2186.306703095428, 4786.743778394662, 2717.4445716518303, 2000.5144338394562, 5771.856200564945, 6582.734386256216, 5517.44515151714, 2011.5228062341228, 4391.626236373037, 3385.3806285261335, 0.0, 6313.58820323277, 5836.998286790908, 2204.151764284846, 5094.080584364562, 3679.5491571658613, 1168.151531266385], [3488.9872456058074, 7026.701217498863, 3890.774344523208, 7986.739322151438, 5312.083301304678, 549.6044031846907, 1218.7444358847347, 3631.030983068032, 3038.1112553690327, 6794.609922578337, 2922.5319502102966, 2402.3648765331213, 3402.3669702135307, 3914.1691327790118, 2404.4011728494893, 4389.627432937788, 436.790567663726, 1321.5918431951675, 485.05669771687514, 1922.1456760610004, 3188.119978921747, 3968.193795670771, 3422.3749064063686, 6021.354415744019, 3934.419652248601, 7666.907720848087, 286.40006983239374, 954.3819989920179, 5830.871118452199, 399.5409866334116, 2114.66995060695, 4